21 0.21193 0.5 0.0011 1
21 0.42241 0.5 0.0011 1
2 0.0451 0.5 0.00236 1
25 0.05431 0.5 0.00918 1
25 0.25363 0.5 0.00078 1
25 0.25824 0.5 0.00804 1
13 0.32776 0.5 0.01048 1
2 0.42275 0.5 0.0007 1
13 0.48928 0.5 0.00256 1
13 0.49158 0.5 0.00144 1
5 0.85536 0.5 0.00344 1
5 0.85948 0.5 0.0038 1
2 0.92522 0.5 0.03644 1
2 0.95285 0.5 0.0189 1
24 0.34766 0.5 0.001 1
24 0.59335 0.5 0.00106 1
24 0.90033 0.5 0.00714 1
4 0.57731 0.5 0.00094 1
4 0.62846 0.5 0.00452 1
18 0.35093 0.5 0.00174 1
18 0.41113 0.5 0.0017 1
18 0.45398 0.5 0.00072 1
