21 0.01626 0.5 0.00384 1
21 0.07605 0.5 0.0335 1
21 0.14976 0.5 0.11388 1
21 0.24263 0.5 0.0697 1
8 0.30237 0.5 0.00798 1
21 0.36298 0.5 0.1132 1
21 0.4495 0.5 0.05972 1
21 0.48879 0.5 0.01882 1
21 0.50174 0.5 0.00416 1
21 0.50917 0.5 0.00834 1
21 0.53525 0.5 0.03882 1
21 0.56956 0.5 0.02976 1
21 0.5867 0.5 0.00448 1
21 0.60715 0.5 0.03746 1
21 0.66053 0.5 0.06946 1
21 0.71318 0.5 0.0358 1
21 0.81313 0.5 0.14006 1
21 0.90166 0.5 0.03132 1
21 0.95505 0.5 0.07662 1
21 0.99845 0.5 0.01014 1
2 0.02175 0.5 0.00682 1
2 0.04242 0.5 0.03372 1
2 0.28793 0.5 0.02086 1
2 0.73721 0.5 0.01222 1
11 0.88402 0.5 0.00232 1
