21 0.27981 0.5 0.03882 1
21 0.38109 0.5 0.01638 1
8 0.399 0.5 0.0194 1
21 0.57251 0.5 0.02326 1
21 0.62278 0.5 0.07724 1
21 0.67905 0.5 0.03538 1
21 0.70831 0.5 0.0231 1
21 0.73292 0.5 0.0098 1
21 0.73876 0.5 0.00284 1
21 0.75177 0.5 0.02314 1
21 0.78306 0.5 0.0232 1
8 0.83936 0.5 0.00636 1
8 0.85211 0.5 0.01474 1
21 0.89391 0.5 0.00182 1
8 0.90174 0.5 0.00936 1
8 0.90817 0.5 0.00386 1
21 0.92139 0.5 0.02254 1
8 0.93598 0.5 0.0066 1
8 0.95251 0.5 0.01798 1
21 0.97731 0.5 0.03154 1
8 0.99522 0.5 0.00272 1
21 0.99774 0.5 0.00224 1
21 1.01551 0.5 0.03326 1
11 0.01696 0.5 0.0086 1
11 0.42858 0.5 0.00872 1
11 0.45015 0.5 0.03398 1
11 0.46701 0.5 0.00118 1
11 0.46945 0.5 0.00546 1
11 0.47863 0.5 0.01102 1
2 0.49014 0.5 0.012 1
2 0.49807 0.5 0.00382 1
2 0.50278 0.5 0.00556 1
2 0.50678 0.5 0.00076 1
2 0.51646 0.5 0.00296 1
2 0.52284 0.5 0.00848 1
2 0.53631 0.5 0.0143 1
2 0.5447 0.5 0.00244 1
2 0.5477 0.5 0.00828 1
2 0.55092 0.5 0.00716 1
2 0.55665 0.5 0.00842 1
2 0.72394 0.5 0.00812 1
2 0.7674 0.5 0.00808 1
2 0.79531 0.5 0.00122 1
2 0.79684 0.5 0.00228 1
2 0.80294 0.5 0.0124 1
2 0.81397 0.5 0.0045 1
2 0.82557 0.5 0.01882 1
4 0.02563 0.5 0.00818 1
4 0.14171 0.5 0.22278 1
4 0.25669 0.5 0.00738 1
4 0.33606 0.5 0.07364 1
4 0.41579 0.5 0.01654 1
4 0.80939 0.5 0.00122 1
18 0.86646 0.5 0.00112 1
