21 0.50676 0.5 0.00448 1
8 0.51407 0.5 0.00994 1
8 0.54172 0.5 0.04532 1
8 0.58515 0.5 0.03534 1
8 0.60782 0.5 0.00988 1
21 0.61583 0.5 0.00546 1
21 0.62573 0.5 0.00358 1
25 0.00402 0.5 0.00164 1
25 0.00715 0.5 0.00162 1
6 0.20956 0.5 0.00324 1
25 0.22269 0.5 0.00114 1
25 0.228 0.5 0.00944 1
13 0.84298 0.5 0.00272 1
13 0.84706 0.5 0.004 1
2 0.85891 0.5 0.01142 1
15 0.92682 0.5 0.00752 1
24 0.12163 0.5 0.00238 1
24 0.29353 0.5 0.0113 1
4 0.11925 0.5 0.00234 1
4 0.12673 0.5 0.00374 1
4 0.19339 0.5 0.0009 1
4 0.19763 0.5 0.00618 1
4 0.21681 0.5 0.00426 1
4 0.82709 0.5 0.00774 1
4 0.83569 0.5 0.01014 1
18 0.30132 0.5 0.00392 1
18 0.43754 0.5 0.00056 1
18 0.81505 0.5 0.00094 1
