8 0.6961 0.5 0.0036 1
8 0.89088 0.5 0.00236 1
8 0.96868 0.5 0.00164 1
8 0.97053 0.5 0.00034 1
15 0.3436 0.5 0.00268 1
3 0.47164 0.5 0.00264 1
3 0.55922 0.5 0.00464 1
2 0.58077 0.5 0.01726 1
2 0.60497 0.5 0.03134 1
25 0.65545 0.5 0.00614 1
25 0.66344 0.5 0.00144 1
3 0.71744 0.5 0.00136 1
2 0.84993 0.5 0.00838 1
3 0.89147 0.5 0.00234 1
4 0.99864 0.5 0.00064 1
18 0.31712 0.5 0.0006 1
18 0.50139 0.5 0.00102 1
18 0.63313 0.5 0.00146 1
18 0.80002 0.5 0.00076 1
18 0.80482 0.5 0.00108 1
18 0.91533 0.5 0.00138 1
18 0.91833 0.5 0.00138 1
18 0.93526 0.5 0.00068 1
