21 0.29165 0.5 0.0341 1
21 0.3355 0.5 0.05356 1
8 0.37081 0.5 0.01698 1
21 0.46758 0.5 0.17652 1
21 0.56118 0.5 0.01144 1
21 0.58027 0.5 0.02682 1
21 0.60097 0.5 0.01454 1
21 0.62764 0.5 0.04 1
2 0.14906 0.5 0.00628 1
2 0.17899 0.5 0.03066 1
2 0.20149 0.5 0.00138 1
2 0.21808 0.5 0.01024 1
2 0.22948 0.5 0.00824 1
25 0.25014 0.5 0.00356 1
25 0.26099 0.5 0.00306 1
25 0.2651 0.5 0.00128 1
25 0.27215 0.5 0.00242 1
2 0.67368 0.5 0.00256 1
2 0.69004 0.5 0.01232 1
2 0.70535 0.5 0.00102 1
18 0.24058 0.5 0.0016 1
18 0.24349 0.5 0.00134 1
18 0.25289 0.5 0.0009 1
