21 0.15525 0.5 0.03638 1
21 0.37271 0.5 0.18782 1
21 0.48371 0.5 0.03414 1
25 0.18877 0.5 0.00342 1
25 0.19859 0.5 0.00398 1
25 0.20722 0.5 0.00424 1
25 0.22774 0.5 0.00416 1
25 0.2442 0.5 0.00476 1
25 0.25404 0.5 0.00204 1
25 0.25689 0.5 0.00034 1
25 0.2657 0.5 0.00444 1
25 0.27223 0.5 0.00462 1
25 0.50331 0.5 0.00258 1
25 0.5158 0.5 0.003 1
25 0.52647 0.5 0.00602 1
25 0.53745 0.5 0.0035 1
25 0.54726 0.5 0.0042 1
25 0.55743 0.5 0.00426 1
25 0.56863 0.5 0.00662 1
25 0.57963 0.5 0.0035 1
25 0.58942 0.5 0.00416 1
25 0.59961 0.5 0.00426 1
25 0.61022 0.5 0.00448 1
25 0.62044 0.5 0.00412 1
25 0.63043 0.5 0.0035 1
25 0.63639 0.5 0.0019 1
25 0.64436 0.5 0.00152 1
25 0.6472 0.5 0.0006 1
25 0.65587 0.5 0.00362 1
25 0.66225 0.5 0.0041 1
25 0.68247 0.5 0.00438 1
25 0.69392 0.5 0.0068 1
25 0.70518 0.5 0.00364 1
25 0.71559 0.5 0.00506 1
25 0.72559 0.5 0.0049 1
25 0.73686 0.5 0.00456 1
25 0.74738 0.5 0.00372 1
25 0.75764 0.5 0.00444 1
25 0.77368 0.5 0.00312 1
25 0.79396 0.5 0.00392 1
25 0.80699 0.5 0.00338 1
25 0.81664 0.5 0.00392 1
25 0.82574 0.5 0.00316 1
11 0.87715 0.5 0.09958 1
11 0.96637 0.5 0.07078 1
18 0.17776 0.5 0.00092 1
18 0.2159 0.5 0.00124 1
18 0.78193 0.5 0.00106 1
18 0.78558 0.5 0.00048 1
