21 0.33293 0.5 0.02094 1
21 0.38121 0.5 0.0763 1
21 0.42223 0.5 0.00598 1
21 0.43927 0.5 0.02798 1
21 0.45898 0.5 0.0114 1
8 0.79405 0.5 0.01354 1
8 0.80472 0.5 0.00592 1
21 0.84511 0.5 0.0073 1
21 0.98596 0.5 0.01692 1
21 1.02471 0.5 0.06054 1
2 0.01947 0.5 0.01746 1
2 0.03286 0.5 0.0032 1
2 0.04402 0.5 0.01032 1
2 0.05711 0.5 0.01054 1
2 0.07121 0.5 0.0143 1
2 0.11041 0.5 0.04086 1
2 0.13733 0.5 0.00642 1
2 0.14673 0.5 0.0061 1
25 0.15165 0.5 0.00214 1
2 0.16355 0.5 0.01346 1
2 0.19823 0.5 0.00658 1
2 0.23036 0.5 0.0358 1
2 0.26739 0.5 0.00686 1
25 0.28151 0.5 0.00658 1
25 0.29064 0.5 0.00312 1
2 0.31222 0.5 0.001 1
2 0.31749 0.5 0.00322 1
2 0.49142 0.5 0.00476 1
2 0.53918 0.5 0.00428 1
2 0.55031 0.5 0.0119 1
2 0.57953 0.5 0.0041 1
2 0.61761 0.5 0.00554 1
2 0.64146 0.5 0.00164 1
2 0.64541 0.5 0.00566 1
2 0.69329 0.5 0.00258 1
2 0.70963 0.5 0.01234 1
15 0.76203 0.5 0.00622 1
5 0.85141 0.5 0.00526 1
5 0.88449 0.5 0.0321 1
5 0.90356 0.5 0.00088 1
5 0.95776 0.5 0.03696 1
18 0.2969 0.5 0.008 1
18 0.47097 0.5 0.00082 1
18 0.48128 0.5 0.00084 1
18 0.59704 0.5 0.00088 1
18 0.60544 0.5 0.00088 1
18 0.61203 0.5 0.0017 1
