8 0.88174 0.5 0.00772 1
8 0.88705 0.5 0.00254 1
15 0.07913 0.5 0.00706 1
15 0.09235 0.5 0.0083 1
3 0.26785 0.5 0.00158 1
2 0.29204 0.5 0.00448 1
2 0.30005 0.5 0.00554 1
2 0.30844 0.5 0.0022 1
25 0.31209 0.5 0.00082 1
25 0.31624 0.5 0.00768 1
25 0.32367 0.5 0.00962 1
15 0.47944 0.5 0.00756 1
2 0.51211 0.5 0.00762 1
2 0.65668 0.5 0.00656 1
17 0.66187 0.5 0.00286 1
17 0.66402 0.5 0.00168 1
17 0.72274 0.5 0.00192 1
25 0.73485 0.5 0.01046 1
2 0.79291 0.5 0.00198 1
13 0.86652 0.5 0.00972 1
11 1.00762 0.5 0.0818 1
24 0.70004 0.5 0.00628 1
24 0.82775 0.5 0.0013 1
24 0.94511 0.5 0.0059 1
4 0.28734 0.5 0.003 1
4 0.71187 0.5 0.0117 1
4 0.80905 0.5 0.0037 1
4 0.8192 0.5 0.01768 1
4 0.82875 0.5 0.00138 1
4 0.85488 0.5 0.00476 1
4 0.85945 0.5 0.00474 1
18 0.24027 0.5 0.00094 1
18 0.24984 0.5 0.0008 1
18 0.47011 0.5 0.00066 1
18 0.89379 0.5 0.00166 1
18 0.93869 0.5 0.00122 1
18 0.95674 0.5 0.00068 1
