21 0.81733 0.5 0.00422 1
21 0.82076 0.5 0.00196 1
21 0.82392 0.5 0.00444 1
21 0.8319 0.5 0.01072 1
21 0.8525 0.5 0.03044 1
21 0.8768 0.5 0.00648 1
21 0.88819 0.5 0.01618 1
21 0.89694 0.5 0.00196 1
21 0.90772 0.5 0.01956 1
15 0.08161 0.5 0.01066 1
2 0.11069 0.5 0.0059 1
2 0.11305 0.5 0.00202 1
24 0.59383 0.5 0.00074 1
24 0.73666 0.5 0.11248 1
4 0.00425 0.5 0.00558 1
4 0.01011 0.5 0.00582 1
4 0.01381 0.5 0.00186 1
4 0.01682 0.5 0.00188 1
4 0.18656 0.5 0.01512 1
4 0.3514 0.5 0.11496 1
4 0.41705 0.5 0.01458 1
4 0.507 0.5 0.16372 1
4 0.59181 0.5 0.00442 1
4 0.61856 0.5 0.0008 1
18 0.64868 0.5 0.00148 1
18 0.95899 0.5 0.00174 1
