8 0.01477 0.5 0.00258 1
8 0.06899 0.5 0.0013 1
8 0.0961 0.5 0.0078 1
8 0.26148 0.5 0.00232 1
8 0.30843 0.5 0.09154 1
8 0.35602 0.5 0.00236 1
21 0.45496 0.5 0.00244 1
21 0.45978 0.5 0.0028 1
21 0.51233 0.5 0.0833 1
21 0.55522 0.5 0.00244 1
21 0.55998 0.5 0.00272 1
21 0.73584 0.5 0.03252 1
0 0.87306 0.5 0.00716 1
2 0.05464 0.5 0.00088 1
2 0.2459 0.5 0.00544 1
2 0.61128 0.5 0.00404 1
2 0.61356 0.5 0.00076 1
2 0.61605 0.5 0.00354 1
2 0.61899 0.5 0.00326 1
15 0.62693 0.5 0.01258 1
2 0.76366 0.5 0.00568 1
6 0.82195 0.5 0.00506 1
15 0.98161 0.5 0.01066 1
24 0.03472 0.5 0.0016 1
24 0.75606 0.5 0.00788 1
24 0.79864 0.5 0.0024 1
24 0.8041 0.5 0.0066 1
4 0.03651 0.5 0.00362 1
4 0.04049 0.5 0.00458 1
4 0.66773 0.5 0.01038 1
4 0.68416 0.5 0.0222 1
4 0.70005 0.5 0.00354 1
4 0.70983 0.5 0.00662 1
4 0.88908 0.5 0.00112 1
4 0.89256 0.5 0.0058 1
4 0.90425 0.5 0.00558 1
4 0.91011 0.5 0.00582 1
4 0.91381 0.5 0.00186 1
4 0.91682 0.5 0.00188 1
18 0.05163 0.5 0.00142 1
18 0.20161 0.5 0.00106 1
18 0.20741 0.5 0.00074 1
