21 0.08661 0.5 0.0165 1
0 0.34005 0.5 0.00226 1
25 0.00312 0.5 0.00116 1
2 0.06286 0.5 0.00976 1
2 0.07729 0.5 0.00182 1
2 0.10951 0.5 0.01634 1
2 0.12154 0.5 0.00244 1
2 0.14512 0.5 0.01292 1
2 0.15453 0.5 0.00694 1
2 0.20423 0.5 0.00842 1
2 0.21533 0.5 0.0091 1
2 0.23408 0.5 0.00588 1
15 0.24099 0.5 0.00226 1
2 0.24849 0.5 0.00606 1
2 0.26701 0.5 0.00434 1
2 0.28587 0.5 0.00478 1
25 0.74642 0.5 0.00208 1
25 0.75691 0.5 0.00114 1
25 0.76838 0.5 0.00576 1
2 0.86851 0.5 0.00258 1
11 0.89886 0.5 0.03224 1
11 0.97527 0.5 0.12146 1
24 0.40681 0.5 0.00258 1
24 0.69388 0.5 0.0012 1
1 0.5824 0.5 0.005 1
4 0.66173 0.5 0.00918 1
4 0.68012 0.5 0.02816 1
4 0.77694 0.5 0.0114 1
4 0.82206 0.5 0.00224 1
4 0.82898 0.5 0.00608 1
18 0.04706 0.5 0.00092 1
18 0.75045 0.5 0.00062 1
18 0.83777 0.5 0.00098 1
