21 0.06 0.5 0.0338 1
21 0.09947 0.5 0.01514 1
21 0.11914 0.5 0.00508 1
21 0.14114 0.5 0.03296 1
21 0.16278 0.5 0.01028 1
8 0.17375 0.5 0.00314 1
21 0.18274 0.5 0.004 1
8 0.19124 0.5 0.00504 1
21 0.20942 0.5 0.01224 1
21 0.21969 0.5 0.00386 1
21 0.24199 0.5 0.00882 1
21 0.2501 0.5 0.00208 1
21 0.25353 0.5 0.00286 1
8 0.25875 0.5 0.00342 1
21 0.27282 0.5 0.00264 1
8 0.27859 0.5 0.00314 1
21 0.28757 0.5 0.00398 1
8 0.29606 0.5 0.00504 1
21 0.30989 0.5 0.02306 1
21 0.32925 0.5 0.01562 1
21 0.35936 0.5 0.04068 1
8 0.38425 0.5 0.00866 1
21 0.39857 0.5 0.01994 1
21 0.41752 0.5 0.01792 1
21 0.4286 0.5 0.0044 1
21 0.46896 0.5 0.00168 1
21 0.48657 0.5 0.0335 1
21 0.50842 0.5 0.01008 1
21 0.54589 0.5 0.01434 1
21 0.60741 0.5 0.10866 1
21 0.67479 0.5 0.02606 1
21 0.68902 0.5 0.00236 1
21 0.69173 0.5 0.00286 1
21 0.6971 0.5 0.00736 1
21 0.71527 0.5 0.02894 1
21 0.76808 0.5 0.00212 1
21 0.79138 0.5 0.031 1
21 0.80788 0.5 0.00196 1
21 0.83018 0.5 0.02284 1
21 0.84764 0.5 0.01204 1
21 0.87103 0.5 0.0347 1
21 0.90262 0.5 0.02844 1
21 0.96894 0.5 0.10416 1
25 0.52324 0.5 0.01952 1
25 0.53679 0.5 0.00382 1
2 0.81556 0.5 0.00636 1
