8 0.46375 0.5 0.00458 1
8 0.51113 0.5 0.0907 1
8 0.55871 0.5 0.00442 1
15 0.15044 0.5 0.00904 1
2 0.15694 0.5 0.00288 1
25 0.17144 0.5 0.00216 1
2 0.18081 0.5 0.00102 1
2 0.23021 0.5 0.00478 1
2 0.25949 0.5 0.00226 1
2 0.61629 0.5 0.02278 1
2 0.6674 0.5 0.00416 1
2 0.72093 0.5 0.01746 1
11 0.76333 0.5 0.04858 1
11 0.79427 0.5 0.01078 1
11 0.84826 0.5 0.09332 1
4 0.15389 0.5 0.00298 1
4 0.23547 0.5 0.00482 1
4 0.2406 0.5 0.00168 1
4 0.24193 0.5 0.00094 1
4 0.25019 0.5 0.01586 1
4 0.58131 0.5 0.0135 1
4 0.60108 0.5 0.00288 1
4 0.6037 0.5 0.00232 1
4 0.6738 0.5 0.00848 1
4 0.68344 0.5 0.01064 1
4 0.69031 0.5 0.00326 1
4 0.7018 0.5 0.00276 1
4 0.91305 0.5 0.01438 1
4 0.92179 0.5 0.00326 1
4 0.93446 0.5 0.00304 1
4 0.96347 0.5 0.00342 1
4 0.99266 0.5 0.00264 1
18 0.96945 0.5 0.00066 1
18 0.98586 0.5 0.00052 1
