21 0.20188 0.5 0.00224 1
0 0.22444 0.5 0.00712 1
0 0.22912 0.5 0.0022 1
0 0.23098 0.5 0.00148 1
0 0.23241 0.5 0.00118 1
8 0.28212 0.5 0.01072 1
21 0.66585 0.5 0.0043 1
5 0.01265 0.5 0.00162 1
13 0.01832 0.5 0.00068 1
2 0.09974 0.5 0.00212 1
2 0.11393 0.5 0.00554 1
2 0.20776 0.5 0.00608 1
2 0.26371 0.5 0.00354 1
2 0.26721 0.5 0.00142 1
5 0.38728 0.5 0.00368 1
2 0.65237 0.5 0.00414 1
6 0.91996 0.5 0.00356 1
6 0.94167 0.5 0.00326 1
2 0.94778 0.5 0.00872 1
2 0.9626 0.5 0.01508 1
2 1.00143 0.5 0.06286 1
23 0.59798 0.5 0.0172 1
24 0.66181 0.5 0.00374 1
24 0.73296 0.5 0.01012 1
4 0.06507 0.5 0.01306 1
4 0.10606 0.5 0.00516 1
4 0.91157 0.5 0.01198 1
18 0.12583 0.5 0.00106 1
18 0.33095 0.5 0.00214 1
18 0.36027 0.5 0.00082 1
18 0.75913 0.5 0.00102 1
