11 0.06637 0.5 0.07078 1
25 0.10253 0.5 0.00146 1
25 0.11465 0.5 0.00386 1
25 0.12439 0.5 0.00386 1
25 0.13432 0.5 0.00456 1
25 0.16763 0.5 0.00458 1
25 0.18674 0.5 0.00544 1
25 0.19747 0.5 0.00458 1
25 0.22715 0.5 0.00458 1
25 0.25697 0.5 0.00458 1
25 0.28679 0.5 0.00458 1
25 0.31647 0.5 0.00458 1
25 0.34615 0.5 0.00458 1
25 0.3693 0.5 0.00364 1
25 0.37822 0.5 0.00104 1
25 0.38138 0.5 0.0006 1
25 0.38961 0.5 0.00494 1
25 0.40308 0.5 0.003 1
11 0.41522 0.5 0.009 1
11 0.43781 0.5 0.02722 1
11 0.47227 0.5 0.01226 1
15 0.48249 0.5 0.0067 1
15 0.49803 0.5 0.0029 1
11 0.5078 0.5 0.00388 1
11 0.51828 0.5 0.018 1
25 0.55678 0.5 0.00388 1
25 0.56673 0.5 0.00378 1
25 0.57551 0.5 0.0007 1
25 0.57844 0.5 0.0006 1
25 0.59678 0.5 0.00424 1
25 0.6042 0.5 0.00376 1
25 0.6148 0.5 0.00492 1
25 0.62509 0.5 0.00474 1
25 0.63853 0.5 0.00294 1
25 0.64706 0.5 0.00268 1
25 0.67894 0.5 0.00444 1
25 0.70141 0.5 0.00434 1
25 0.72025 0.5 0.00402 1
25 0.73354 0.5 0.00364 1
25 0.74473 0.5 0.00622 1
25 0.75892 0.5 0.00256 1
25 0.76795 0.5 0.00422 1
25 0.799 0.5 0.00296 1
25 0.80755 0.5 0.00554 1
25 0.82733 0.5 0.00474 1
25 0.84077 0.5 0.00294 1
25 0.8493 0.5 0.00268 1
25 0.88118 0.5 0.00444 1
25 0.90365 0.5 0.00434 1
25 0.92249 0.5 0.00402 1
25 0.93578 0.5 0.00364 1
25 0.94697 0.5 0.00622 1
25 0.96116 0.5 0.00256 1
25 0.97019 0.5 0.00422 1
25 1.00124 0.5 0.00296 1
4 0.49517 0.5 0.00758 1
18 0.14344 0.5 0.00096 1
18 0.1548 0.5 0.00096 1
18 0.21432 0.5 0.00096 1
18 0.24414 0.5 0.00096 1
18 0.27396 0.5 0.00096 1
18 0.30364 0.5 0.00096 1
18 0.33332 0.5 0.00096 1
18 0.3583 0.5 0.00108 1
18 0.36075 0.5 0.00026 1
18 0.65938 0.5 0.00272 1
18 0.71046 0.5 0.00092 1
18 0.75726 0.5 0.00068 1
18 0.77661 0.5 0.00106 1
18 0.78023 0.5 0.00046 1
18 0.86162 0.5 0.00272 1
18 0.9127 0.5 0.00092 1
18 0.9595 0.5 0.00068 1
18 0.97885 0.5 0.00106 1
18 0.98247 0.5 0.00046 1
