8 0.52755 0.5 0.0057 1
8 0.57237 0.5 0.08374 1
8 0.61723 0.5 0.00558 1
8 0.66225 0.5 0.00178 1
8 0.74237 0.5 0.00162 1
8 0.80914 0.5 0.0036 1
8 0.81257 0.5 0.0033 1
2 0.12246 0.5 0.00796 1
2 0.20075 0.5 0.00402 1
15 0.28582 0.5 0.002 1
2 0.29794 0.5 0.00992 1
2 0.31052 0.5 0.0138 1
15 0.32574 0.5 0.00584 1
11 0.34225 0.5 0.0033 1
25 0.43486 0.5 0.00424 1
25 0.44355 0.5 0.00326 1
13 0.47536 0.5 0.01324 1
3 0.74103 0.5 0.00102 1
2 0.79136 0.5 0.01292 1
2 0.80208 0.5 0.00696 1
24 0.1626 0.5 0.07232 1
4 0.71145 0.5 0.0235 1
