6 0.03062 0.5 0.00192 1
15 0.29877 0.5 0.01658 1
2 0.37755 0.5 0.00406 1
2 0.38825 0.5 0.00406 1
25 0.69625 0.5 0.00702 1
24 0.13772 0.5 0.00136 1
24 0.24564 0.5 0.00112 1
4 0.12548 0.5 0.0046 1
4 0.14628 0.5 0.01764 1
4 0.25069 0.5 0.01086 1
4 0.25819 0.5 0.00398 1
4 0.28636 0.5 0.00192 1
4 0.35114 0.5 0.00224 1
4 0.91661 0.5 0.01098 1
18 0.31084 0.5 0.0008 1
18 0.42841 0.5 0.0009 1
18 0.44497 0.5 0.00078 1
18 0.45612 0.5 0.00076 1
18 0.48134 0.5 0.00112 1
18 0.5292 0.5 0.00068 1
18 0.54312 0.5 0.0018 1
18 0.57329 0.5 0.0011 1
