8 0.02006 0.5 0.0014 1
21 0.48088 0.5 0.012 1
8 0.59869 0.5 0.0157 1
8 0.60838 0.5 0.00364 1
8 0.6548 0.5 0.00704 1
8 0.99911 0.5 0.0039 1
17 0.11342 0.5 0.00192 1
5 0.43014 0.5 0.00144 1
25 0.72251 0.5 0.00922 1
2 0.74366 0.5 0.00744 1
2 0.75891 0.5 0.00698 1
25 0.9422 0.5 0.00296 1
24 0.46847 0.5 0.0045 1
24 0.80227 0.5 0.00106 1
24 0.81867 0.5 0.00206 1
24 0.97118 0.5 0.00316 1
4 0.80571 0.5 0.00766 1
4 0.81185 0.5 0.00262 1
4 0.81752 0.5 0.0038 1
18 0.16019 0.5 0.00058 1
18 0.24641 0.5 0.00138 1
18 0.53009 0.5 0.00054 1
18 0.57371 0.5 0.00054 1
18 0.70277 0.5 0.00082 1
