21 0.05505 0.5 0.07662 1
21 0.09845 0.5 0.01014 1
21 0.10941 0.5 0.01174 1
21 0.15789 0.5 0.0301 1
21 0.21129 0.5 0.07666 1
21 0.26544 0.5 0.03164 1
21 0.31653 0.5 0.06842 1
21 0.49155 0.5 0.0327 1
21 0.51846 0.5 0.0018 1
21 0.52289 0.5 0.00522 1
21 0.53453 0.5 0.00926 1
21 0.5997 0.5 0.0016 1
21 0.60422 0.5 0.0052 1
11 0.12909 0.5 0.02758 1
2 0.3867 0.5 0.0718 1
15 0.63308 0.5 0.01056 1
15 0.65734 0.5 0.0098 1
11 0.81179 0.5 0.00454 1
11 0.83351 0.5 0.0357 1
11 0.85935 0.5 0.0161 1
15 0.94426 0.5 0.00308 1
2 0.99526 0.5 0.01056 1
2 0.99682 0.5 0.00592 1
24 0.90453 0.5 0.00134 1
4 0.4489 0.5 0.05256 1
4 0.51121 0.5 0.00658 1
4 0.62019 0.5 0.01334 1
4 0.63896 0.5 0.00116 1
4 0.73153 0.5 0.00166 1
4 0.74467 0.5 0.02458 1
4 0.76815 0.5 0.02286 1
4 0.78918 0.5 0.01928 1
4 0.98363 0.5 0.01266 1
4 1.00018 0.5 0.00076 1
18 0.92482 0.5 0.00088 1
18 0.93976 0.5 0.00088 1
