21 0.48186 0.5 0.00196 1
21 0.48636 0.5 0.00616 1
21 0.52781 0.5 0.0047 1
21 0.54103 0.5 0.02206 1
21 0.56398 0.5 0.0238 1
21 0.58439 0.5 0.00274 1
8 0.96492 0.5 0.00384 1
8 0.96893 0.5 0.00102 1
8 0.97025 0.5 0.0023 1
8 0.97655 0.5 0.01062 1
8 0.99202 0.5 0.00896 1
8 0.99837 0.5 0.0037 1
15 0.02682 0.5 0.00752 1
5 0.3386 0.5 0.00108 1
13 0.3722 0.5 0.00936 1
5 0.60632 0.5 0.01076 1
2 0.61607 0.5 0.0085 1
2 0.63873 0.5 0.03678 1
12 0.70883 0.5 0.00942 1
12 0.71654 0.5 0.00428 1
2 0.72723 0.5 0.0021 1
2 0.73128 0.5 0.00592 1
2 0.76416 0.5 0.00312 1
6 0.83479 0.5 0.00422 1
24 0.20397 0.5 0.01414 1
24 0.39803 0.5 0.02646 1
24 0.67608 0.5 0.00592 1
1 0.23897 0.5 0.00146 1
4 0.4946 0.5 0.00856 1
4 0.50189 0.5 0.00438 1
4 0.50685 0.5 0.00554 1
4 0.51124 0.5 0.0032 1
4 0.51563 0.5 0.00562 1
