25 0.30985 0.5 0.00146 1
5 0.50703 0.5 0.00354 1
2 0.51664 0.5 0.0016 1
2 0.52415 0.5 0.00438 1
3 0.5246 0.5 0.00284 1
16 0.5263 0.5 0.00052 1
15 0.5504 0.5 0.00836 1
3 0.64032 0.5 0.0256 1
5 0.65786 0.5 0.00888 1
3 0.75722 0.5 0.02296 1
2 0.78129 0.5 0.0047 1
2 0.78466 0.5 0.00168 1
2 0.78883 0.5 0.00142 1
2 0.79202 0.5 0.00468 1
23 0.21176 0.5 0.00644 1
24 0.33742 0.5 0.00648 1
24 0.34655 0.5 0.01026 1
24 0.36149 0.5 0.01006 1
24 0.37056 0.5 0.00176 1
24 0.4208 0.5 0.0868 1
24 0.49867 0.5 0.0043 1
24 0.57131 0.5 0.00638 1
4 0.50292 0.5 0.00112 1
4 0.77386 0.5 0.01012 1
4 0.80892 0.5 0.02908 1
4 0.87077 0.5 0.00238 1
18 0.05023 0.5 0.00078 1
18 0.11702 0.5 0.00068 1
18 0.51534 0.5 0.00096 1
18 0.60027 0.5 0.00142 1
18 0.7127 0.5 0.00084 1
