8 0.075 0.5 0.00936 1
8 0.1135 0.5 0.00256 1
8 0.13238 0.5 0.02488 1
8 0.16135 0.5 0.02718 1
8 0.18544 0.5 0.0204 1
8 0.21499 0.5 0.00882 1
8 0.23231 0.5 0.02154 1
0 0.27816 0.5 0.00168 1
0 0.28013 0.5 0.00222 1
0 0.28506 0.5 0.00712 1
0 0.28972 0.5 0.00216 1
0 0.29421 0.5 0.00658 1
8 0.41789 0.5 0.02154 1
8 0.43521 0.5 0.00882 1
8 0.46476 0.5 0.0204 1
8 0.48872 0.5 0.02692 1
8 0.51797 0.5 0.0257 1
8 0.53645 0.5 0.00258 1
21 0.59644 0.5 0.0084 1
21 0.66803 0.5 0.00302 1
21 0.67657 0.5 0.00594 1
21 0.68943 0.5 0.00318 1
25 0.30156 0.5 0.00808 1
25 0.30756 0.5 0.00928 1
2 0.69284 0.5 0.00364 1
2 0.7027 0.5 0.01032 1
2 0.71279 0.5 0.00586 1
2 0.72719 0.5 0.00474 1
11 0.7795 0.5 0.00216 1
11 0.78084 0.5 0.00428 1
3 0.80989 0.5 0.0055 1
24 0.09631 0.5 0.03066 1
24 0.54599 0.5 0.01518 1
24 0.68001 0.5 0.0009 1
4 0.37108 0.5 0.00648 1
4 0.55678 0.5 0.00632 1
4 0.57632 0.5 0.0318 1
4 0.60597 0.5 0.01062 1
4 0.62444 0.5 0.01408 1
4 0.77485 0.5 0.00574 1
4 0.82414 0.5 0.01768 1
4 0.97721 0.5 0.00458 1
