21 0.01573 0.5 0.00214 1
21 0.01996 0.5 0.00736 1
21 0.02766 0.5 0.008 1
21 0.05525 0.5 0.0463 1
21 0.0804 0.5 0.00432 1
21 0.10553 0.5 0.04438 1
21 0.13583 0.5 0.01502 1
21 0.16828 0.5 0.05004 1
21 0.20991 0.5 0.03318 1
21 0.4847 0.5 0.01092 1
21 0.49535 0.5 0.01054 1
21 0.57988 0.5 0.1584 1
21 0.6797 0.5 0.03832 1
21 0.7412 0.5 0.00612 1
21 0.76256 0.5 0.03656 1
11 0.3654 0.5 0.0052 1
11 0.39094 0.5 0.03788 1
11 0.43953 0.5 0.05722 1
11 0.47516 0.5 0.0064 1
2 0.81989 0.5 0.0035 1
2 0.84104 0.5 0.00228 1
2 0.84654 0.5 0.00556 1
2 0.87322 0.5 0.00484 1
2 0.89831 0.5 0.00298 1
2 0.90499 0.5 0.00334 1
2 0.91248 0.5 0.00428 1
