25 0.00859 0.5 0.00258 1
25 0.01886 0.5 0.00332 1
25 0.03186 0.5 0.00372 1
25 0.04165 0.5 0.00378 1
25 0.05174 0.5 0.00536 1
25 0.06243 0.5 0.00398 1
25 0.07565 0.5 0.00378 1
25 0.08607 0.5 0.00466 1
25 0.09625 0.5 0.00362 1
25 0.10827 0.5 0.00098 1
25 0.1136 0.5 0.00512 1
25 0.13234 0.5 0.00392 1
25 0.14139 0.5 0.00386 1
25 0.15127 0.5 0.00386 1
25 0.16127 0.5 0.00406 1
25 0.17147 0.5 0.00402 1
25 0.18411 0.5 0.0031 1
25 0.19186 0.5 0.00208 1
25 0.20182 0.5 0.00536 1
25 0.21115 0.5 0.00386 1
25 0.21888 0.5 0.00208 1
25 0.22825 0.5 0.00418 1
25 0.23807 0.5 0.0035 1
25 0.24562 0.5 0.00208 1
25 0.25544 0.5 0.00508 1
25 0.26463 0.5 0.00386 1
25 0.27236 0.5 0.00208 1
25 0.28218 0.5 0.00508 1
25 0.29137 0.5 0.00386 1
25 0.2991 0.5 0.00208 1
25 0.30906 0.5 0.00536 1
25 0.31839 0.5 0.00386 1
25 0.32612 0.5 0.00208 1
25 0.33549 0.5 0.00418 1
25 0.34531 0.5 0.0035 1
25 0.35286 0.5 0.00208 1
25 0.36268 0.5 0.00508 1
25 0.37187 0.5 0.00386 1
25 0.3796 0.5 0.00208 1
25 0.38942 0.5 0.00508 1
25 0.39861 0.5 0.00386 1
25 0.40634 0.5 0.00208 1
25 0.41591 0.5 0.00434 1
25 0.42581 0.5 0.0035 1
25 0.43336 0.5 0.00208 1
25 0.44293 0.5 0.00434 1
25 0.45283 0.5 0.0035 1
25 0.46038 0.5 0.00208 1
25 0.46982 0.5 0.00432 1
25 0.48278 0.5 0.0036 1
25 0.50143 0.5 0.00406 1
25 0.51144 0.5 0.00424 1
25 0.52102 0.5 0.004 1
25 0.5303 0.5 0.0042 1
25 0.54034 0.5 0.00396 1
25 0.55771 0.5 0.00402 1
25 0.58046 0.5 0.00256 1
25 0.59018 0.5 0.0046 1
25 0.60004 0.5 0.0028 1
25 0.60956 0.5 0.00424 1
25 0.6195 0.5 0.00344 1
25 0.62802 0.5 0.00464 1
25 0.63838 0.5 0.00384 1
25 0.65557 0.5 0.00442 1
25 0.66854 0.5 0.00348 1
25 0.67874 0.5 0.00416 1
25 0.6851 0.5 0.00456 1
25 0.70421 0.5 0.0033 1
25 0.71308 0.5 0.0042 1
25 0.72311 0.5 0.00394 1
25 0.73652 0.5 0.00312 1
25 0.74627 0.5 0.00378 1
25 0.75603 0.5 0.00498 1
25 0.7666 0.5 0.00552 1
25 0.78007 0.5 0.00338 1
25 0.79034 0.5 0.00444 1
25 0.8011 0.5 0.0058 1
25 0.81489 0.5 0.00326 1
25 0.8249 0.5 0.00376 1
25 0.83491 0.5 0.0039 1
25 0.84509 0.5 0.00438 1
25 0.85828 0.5 0.00332 1
25 0.86811 0.5 0.00374 1
25 0.88782 0.5 0.00428 1
25 0.90113 0.5 0.00346 1
25 0.91118 0.5 0.00352 1
25 0.92066 0.5 0.00512 1
25 0.93161 0.5 0.00414 1
25 0.94468 0.5 0.00304 1
25 0.95432 0.5 0.00364 1
25 0.97491 0.5 0.00406 1
25 0.98833 0.5 0.00358 1
25 0.99814 0.5 0.00376 1
18 0.57086 0.5 0.00272 1
18 0.64683 0.5 0.00074 1
18 0.87675 0.5 0.0009 1
18 0.963 0.5 0.00092 1
