8 0.17017 0.5 0.00358 1
2 0.09725 0.5 0.00446 1
2 0.10332 0.5 0.00248 1
11 0.15189 0.5 0.01334 1
11 0.16477 0.5 0.00202 1
15 0.59398 0.5 0.00644 1
24 0.51187 0.5 0.00218 1
4 0.10078 0.5 0.00256 1
4 0.30047 0.5 0.00618 1
4 0.30672 0.5 0.00132 1
4 0.98977 0.5 0.00238 1
18 0.03689 0.5 0.00054 1
18 0.08437 0.5 0.00094 1
18 0.13398 0.5 0.00096 1
18 0.26652 0.5 0.00108 1
18 0.2843 0.5 0.00096 1
18 0.29504 0.5 0.00152 1
18 0.39728 0.5 0.00076 1
18 0.52961 0.5 0.00054 1
18 0.5633 0.5 0.00056 1
18 0.95289 0.5 0.00066 1
