8 0.48602 0.5 0.00416 1
8 0.53434 0.5 0.09244 1
8 0.58333 0.5 0.00426 1
13 0.00544 0.5 0.00608 1
2 0.13873 0.5 0.10406 1
2 0.21494 0.5 0.04856 1
2 0.24062 0.5 0.0026 1
2 0.31376 0.5 0.14404 1
2 0.61863 0.5 0.00398 1
2 0.62327 0.5 0.00494 1
6 0.65218 0.5 0.00516 1
13 0.67674 0.5 0.00656 1
13 0.68269 0.5 0.00394 1
19 0.78378 0.5 0.0044 1
11 0.80561 0.5 0.00242 1
11 0.81082 0.5 0.00116 1
11 0.81195 0.5 0.00098 1
11 0.87783 0.5 0.00142 1
2 0.92743 0.5 0.0081 1
24 0.8445 0.5 0.06412 1
14 0.40925 0.5 0.00098 1
