21 0.01253 0.5 0.02274 1
21 0.02681 0.5 0.00554 1
21 0.03649 0.5 0.01258 1
21 0.05133 0.5 0.0171 1
21 0.06344 0.5 0.00708 1
21 0.21077 0.5 0.19342 1
21 0.32558 0.5 0.03616 1
21 0.42775 0.5 0.01442 1
21 0.45145 0.5 0.03294 1
21 0.48318 0.5 0.03048 1
21 0.50213 0.5 0.00738 1
21 0.53579 0.5 0.0323 1
21 0.56557 0.5 0.02506 1
21 0.59595 0.5 0.03562 1
21 0.61866 0.5 0.00976 1
21 0.62989 0.5 0.01322 1
21 0.73929 0.5 0.0041 1
21 0.75063 0.5 0.0019 1
21 0.7616 0.5 0.00768 1
21 0.78401 0.5 0.00206 1
21 0.7936 0.5 0.0074 1
8 0.81268 0.5 0.00536 1
22 0.86993 0.5 0.00278 1
22 0.87569 0.5 0.0063 1
22 0.8842 0.5 0.0108 1
21 0.91043 0.5 0.03498 1
21 0.94596 0.5 0.03604 1
21 0.99661 0.5 0.06546 1
15 0.3824 0.5 0.02204 1
15 0.39671 0.5 0.0067 1
5 0.65805 0.5 0.03054 1
5 0.69896 0.5 0.01688 1
5 0.72761 0.5 0.0017 1
11 0.83599 0.5 0.00182 1
24 0.0685 0.5 0.00236 1
24 0.07976 0.5 0.01348 1
24 0.10545 0.5 0.01718 1
24 0.3576 0.5 0.02736 1
24 0.40635 0.5 0.01254 1
24 0.41735 0.5 0.00642 1
