25 0.0107 0.5 0.00336 1
25 0.0206 0.5 0.00392 1
25 0.03316 0.5 0.00312 1
25 0.043 0.5 0.00336 1
25 0.0529 0.5 0.00392 1
25 0.06623 0.5 0.00322 1
25 0.07939 0.5 0.00326 1
25 0.09253 0.5 0.00326 1
25 0.10554 0.5 0.00372 1
25 0.11531 0.5 0.00374 1
25 0.12381 0.5 0.00434 1
25 0.13406 0.5 0.004 1
25 0.14723 0.5 0.00338 1
25 0.15719 0.5 0.00374 1
25 0.16737 0.5 0.00426 1
25 0.19362 0.5 0.00216 1
25 0.20261 0.5 0.00434 1
25 0.21286 0.5 0.004 1
25 0.23615 0.5 0.00374 1
25 0.24633 0.5 0.00426 1
25 0.2724 0.5 0.00252 1
25 0.2815 0.5 0.0042 1
25 0.29168 0.5 0.004 1
25 0.31497 0.5 0.00374 1
25 0.32515 0.5 0.00426 1
25 0.35122 0.5 0.00252 1
25 0.36039 0.5 0.00434 1
25 0.37064 0.5 0.004 1
25 0.39393 0.5 0.00374 1
25 0.40411 0.5 0.00426 1
25 0.43004 0.5 0.00252 1
25 0.43921 0.5 0.00434 1
25 0.44946 0.5 0.004 1
25 0.46261 0.5 0.00338 1
25 0.47212 0.5 0.00216 1
25 0.48111 0.5 0.00434 1
25 0.49136 0.5 0.004 1
25 0.51465 0.5 0.00374 1
25 0.52483 0.5 0.00426 1
25 0.55076 0.5 0.00252 1
25 0.55993 0.5 0.00434 1
25 0.57018 0.5 0.004 1
25 0.58333 0.5 0.00338 1
25 0.59341 0.5 0.00346 1
25 0.60345 0.5 0.00426 1
25 0.62952 0.5 0.00252 1
25 0.63869 0.5 0.00434 1
25 0.64894 0.5 0.004 1
25 0.66211 0.5 0.00338 1
25 0.67208 0.5 0.00368 1
25 0.68223 0.5 0.00426 1
25 0.7083 0.5 0.00252 1
25 0.71747 0.5 0.00434 1
25 0.72772 0.5 0.004 1
25 0.74089 0.5 0.00338 1
25 0.75086 0.5 0.00368 1
25 0.76099 0.5 0.00426 1
25 0.78768 0.5 0.00376 1
25 0.79807 0.5 0.00454 1
25 0.80869 0.5 0.00446 1
25 0.82175 0.5 0.0031 1
25 0.83184 0.5 0.00424 1
25 0.84224 0.5 0.00392 1
11 0.8499 0.5 0.00396 1
11 0.87466 0.5 0.01028 1
11 0.90463 0.5 0.02478 1
11 0.92535 0.5 0.00662 1
25 0.93754 0.5 0.00588 1
25 0.94875 0.5 0.0037 1
25 0.95883 0.5 0.00422 1
25 0.96909 0.5 0.00394 1
25 0.97921 0.5 0.00398 1
25 0.98898 0.5 0.0046 1
18 0.18321 0.5 0.00098 1
18 0.26217 0.5 0.00098 1
18 0.34099 0.5 0.00098 1
18 0.41981 0.5 0.00098 1
18 0.54053 0.5 0.00098 1
18 0.61929 0.5 0.00098 1
18 0.69807 0.5 0.00098 1
18 0.77683 0.5 0.00098 1
