21 0.03988 0.5 0.01132 1
21 0.04652 0.5 0.00076 1
21 0.04875 0.5 0.00346 1
21 0.05087 0.5 0.00082 1
21 0.06574 0.5 0.029 1
21 0.10912 0.5 0.00212 1
21 0.13243 0.5 0.03102 1
21 0.14767 0.5 0.0003 1
8 0.14887 0.5 0.00206 1
21 0.18294 0.5 0.0252 1
21 0.20079 0.5 0.0101 1
21 0.23038 0.5 0.01856 1
21 0.25398 0.5 0.0286 1
21 0.28684 0.5 0.03708 1
8 0.30988 0.5 0.00892 1
21 0.32203 0.5 0.01546 1
21 0.37576 0.5 0.09144 1
21 0.43382 0.5 0.02464 1
21 0.44768 0.5 0.00336 1
21 0.45957 0.5 0.00746 1
21 0.48169 0.5 0.03674 1
8 0.46959 0.5 0.00386 1
21 0.51605 0.5 0.03162 1
21 0.54908 0.5 0.03192 1
21 0.58281 0.5 0.03658 1
8 0.60619 0.5 0.01014 1
21 0.61738 0.5 0.0122 1
21 0.72739 0.5 0.02322 1
21 0.75669 0.5 0.03274 1
21 0.77446 0.5 0.00124 1
21 0.78728 0.5 0.01788 1
21 0.91182 0.5 0.08288 1
21 0.96498 0.5 0.0234 1
21 0.97843 0.5 0.00438 1
21 0.99081 0.5 0.00854 1
21 1.01372 0.5 0.03216 1
25 0.01874 0.5 0.01952 1
25 0.03229 0.5 0.00382 1
