21 0.20256 0.5 0.00312 1
21 0.2235 0.5 0.00404 1
21 0.23782 0.5 0.02444 1
21 0.28046 0.5 0.0608 1
21 0.32415 0.5 0.0203 1
21 0.34641 0.5 0.02442 1
21 0.35973 0.5 0.00218 1
21 0.37206 0.5 0.02244 1
21 0.80664 0.5 0.02376 1
15 0.20754 0.5 0.0068 1
15 0.21933 0.5 0.00426 1
2 0.50523 0.5 0.0121 1
2 0.51647 0.5 0.00786 1
2 0.59128 0.5 0.00184 1
2 0.61628 0.5 0.00476 1
11 0.89872 0.5 0.061 1
11 0.95091 0.5 0.04374 1
11 0.97682 0.5 0.00564 1
11 0.98762 0.5 0.01604 1
11 1.00748 0.5 0.02476 1
24 0.7014 0.5 0.00416 1
24 0.7149 0.5 0.0036 1
24 0.72291 0.5 0.00586 1
24 0.74326 0.5 0.01424 1
24 0.77452 0.5 0.03084 1
24 0.82467 0.5 0.00642 1
4 0.01305 0.5 0.01438 1
4 0.02179 0.5 0.00326 1
4 0.03446 0.5 0.00304 1
4 0.06347 0.5 0.00342 1
4 0.09266 0.5 0.00264 1
4 0.20046 0.5 0.0014 1
4 0.41177 0.5 0.0271 1
4 0.84926 0.5 0.01236 1
18 0.06945 0.5 0.00066 1
18 0.08586 0.5 0.00052 1
