25 0.54982 0.5 0.00332 1
25 0.55967 0.5 0.00378 1
25 0.56945 0.5 0.00546 1
25 0.58017 0.5 0.00426 1
25 0.58954 0.5 0.00468 1
25 0.60296 0.5 0.00348 1
25 0.61273 0.5 0.00378 1
25 0.6229 0.5 0.00424 1
25 0.63323 0.5 0.00426 1
25 0.6426 0.5 0.00468 1
25 0.65594 0.5 0.00332 1
25 0.66576 0.5 0.00404 1
25 0.67557 0.5 0.00546 1
25 0.68599 0.5 0.00366 1
25 0.69905 0.5 0.00362 1
25 0.70889 0.5 0.00378 1
25 0.71817 0.5 0.00246 1
25 0.72698 0.5 0.00468 1
25 0.74032 0.5 0.00332 1
25 0.75015 0.5 0.00374 1
25 0.7699 0.5 0.00428 1
25 0.78398 0.5 0.00184 1
25 0.79299 0.5 0.00354 1
25 0.80235 0.5 0.00302 1
25 0.81158 0.5 0.00368 1
25 0.8244 0.5 0.00332 1
25 0.83417 0.5 0.00362 1
25 0.84465 0.5 0.00454 1
25 0.85461 0.5 0.00382 1
25 0.87748 0.5 0.00396 1
25 0.88654 0.5 0.00436 1
25 0.90859 0.5 0.00258 1
25 0.91886 0.5 0.00332 1
25 0.93186 0.5 0.00372 1
25 0.94165 0.5 0.00378 1
25 0.95174 0.5 0.00536 1
25 0.96243 0.5 0.00398 1
25 0.97565 0.5 0.00378 1
25 0.98607 0.5 0.00466 1
25 0.99625 0.5 0.00362 1
18 0.75894 0.5 0.00124 1
18 0.78239 0.5 0.0013 1
18 0.8994 0.5 0.00272 1
