21 0.06816 0.5 0.01664 1
21 0.07626 0.5 0.00044 1
21 0.10171 0.5 0.05042 1
21 0.13507 0.5 0.01626 1
21 0.34039 0.5 0.0055 1
21 0.87474 0.5 0.01472 1
21 0.92975 0.5 0.09526 1
21 1.00613 0.5 0.05734 1
25 0.0029 0.5 0.00304 1
25 0.01251 0.5 0.0037 1
25 0.02269 0.5 0.0039 1
25 0.03237 0.5 0.00446 1
25 0.04604 0.5 0.0036 1
25 0.05569 0.5 0.0037 1
25 0.15879 0.5 0.0053 1
25 0.1729 0.5 0.00328 1
25 0.18255 0.5 0.00374 1
25 0.19272 0.5 0.00468 1
25 0.20337 0.5 0.00418 1
25 0.21294 0.5 0.00372 1
25 0.22608 0.5 0.0036 1
25 0.23593 0.5 0.00374 1
25 0.24604 0.5 0.00456 1
25 0.25616 0.5 0.00536 1
25 0.26632 0.5 0.00372 1
25 0.27946 0.5 0.0036 1
25 0.28905 0.5 0.00322 1
25 0.30941 0.5 0.0047 1
25 0.32322 0.5 0.00324 1
25 0.3324 0.5 0.00312 1
25 0.35814 0.5 0.00392 1
25 0.37169 0.5 0.00298 1
25 0.38128 0.5 0.00396 1
25 0.40173 0.5 0.00562 1
25 0.41524 0.5 0.0034 1
25 0.4252 0.5 0.00376 1
25 0.44614 0.5 0.00456 1
25 0.45928 0.5 0.00376 1
25 0.49078 0.5 0.004 1
25 0.50425 0.5 0.00326 1
25 0.5139 0.5 0.0038 1
25 0.52418 0.5 0.0044 1
25 0.53436 0.5 0.00452 1
25 0.54844 0.5 0.00336 1
25 0.55811 0.5 0.00378 1
25 0.56875 0.5 0.00518 1
25 0.58017 0.5 0.0055 1
25 0.59121 0.5 0.00382 1
25 0.6004 0.5 0.00104 1
25 0.60356 0.5 0.0006 1
25 0.61163 0.5 0.0055 1
25 0.62652 0.5 0.00596 1
25 0.63585 0.5 0.00066 1
11 0.63763 0.5 0.00286 1
25 0.64607 0.5 0.0037 1
25 0.65607 0.5 0.00398 1
25 0.67365 0.5 0.00338 1
25 0.68346 0.5 0.00344 1
25 0.69314 0.5 0.00512 1
25 0.70018 0.5 0.00456 1
25 0.71176 0.5 0.00744 1
25 0.7229 0.5 0.00408 1
25 0.73218 0.5 0.00372 1
25 0.74213 0.5 0.00398 1
25 0.75942 0.5 0.0032 1
25 0.76901 0.5 0.0037 1
25 0.77851 0.5 0.00406 1
25 0.78496 0.5 0.0044 1
25 0.79616 0.5 0.00744 1
25 0.80298 0.5 0.002 1
11 0.80353 0.5 0.00194 1
25 0.81106 0.5 0.00344 1
25 0.82194 0.5 0.00312 1
25 0.83079 0.5 0.00362 1
25 0.84045 0.5 0.0047 1
25 0.84718 0.5 0.00476 1
18 0.148 0.5 0.00092 1
18 0.29801 0.5 0.00106 1
18 0.30124 0.5 0.00048 1
18 0.34675 0.5 0.00106 1
18 0.34984 0.5 0.00048 1
18 0.39013 0.5 0.00122 1
18 0.43389 0.5 0.00106 1
18 0.43752 0.5 0.00048 1
18 0.46796 0.5 0.00104 1
18 0.47138 0.5 0.00048 1
18 0.47869 0.5 0.0013 1
18 0.48234 0.5 0.00048 1
18 0.66462 0.5 0.00088 1
