21 0.08432 0.5 0.02304 1
21 0.23881 0.5 0.00882 1
21 0.2471 0.5 0.0078 1
21 0.25488 0.5 0.00428 1
21 0.26612 0.5 0.0088 1
8 0.27602 0.5 0.00844 1
8 0.32216 0.5 0.08368 1
8 0.36837 0.5 0.0087 1
21 0.38141 0.5 0.01034 1
21 0.40705 0.5 0.0345 1
21 0.43975 0.5 0.02354 1
21 0.4599 0.5 0.01064 1
21 0.48594 0.5 0.02268 1
21 0.51633 0.5 0.03878 1
21 0.56917 0.5 0.06706 1
21 0.61438 0.5 0.02332 1
21 0.64721 0.5 0.01022 1
21 0.69052 0.5 0.0712 1
21 0.75581 0.5 0.00726 1
21 0.80346 0.5 0.01656 1
8 0.947 0.5 0.00512 1
8 0.99533 0.5 0.02334 1
2 0.11171 0.5 0.03046 1
11 0.16946 0.5 0.00504 1
11 0.22812 0.5 0.0024 1
25 0.74015 0.5 0.02402 1
3 0.78148 0.5 0.0058 1
25 0.81494 0.5 0.00628 1
25 0.82054 0.5 0.00372 1
25 0.82696 0.5 0.0036 1
24 0.85853 0.5 0.00426 1
24 0.88166 0.5 0.00124 1
24 0.91671 0.5 0.03002 1
4 0.76163 0.5 0.00438 1
4 0.77003 0.5 0.0127 1
4 0.78999 0.5 0.01094 1
4 0.8869 0.5 0.01104 1
4 0.98102 0.5 0.00072 1
18 0.19955 0.5 0.00102 1
18 0.22109 0.5 0.00118 1
