8 0.01001 0.5 0.00542 1
8 0.02508 0.5 0.02356 1
8 0.07102 0.5 0.05764 1
8 0.10267 0.5 0.0055 1
21 0.27262 0.5 0.04152 1
21 0.30216 0.5 0.01756 1
21 0.32519 0.5 0.02846 1
8 0.34536 0.5 0.00372 1
21 0.35508 0.5 0.005 1
8 0.36314 0.5 0.00516 1
21 0.39764 0.5 0.0638 1
21 0.43815 0.5 0.01718 1
21 0.49757 0.5 0.10162 1
21 0.55909 0.5 0.00074 1
21 0.64341 0.5 0.01554 1
21 0.66158 0.5 0.01592 1
21 0.71409 0.5 0.02198 1
21 0.73677 0.5 0.02334 1
4 0.12797 0.5 0.0079 1
18 0.18737 0.5 0.00078 1
18 0.75051 0.5 0.00078 1
18 0.81693 0.5 0.00078 1
18 0.88337 0.5 0.00078 1
18 0.95023 0.5 0.00078 1
