21 0.01733 0.5 0.00214 1
21 0.02134 0.5 0.00204 1
21 0.02708 0.5 0.00156 1
8 0.43385 0.5 0.00178 1
0 0.52627 0.5 0.00254 1
0 0.79309 0.5 0.0069 1
0 0.79766 0.5 0.0022 1
0 0.80236 0.5 0.00712 1
2 0.02203 0.5 0.00086 1
25 0.05198 0.5 0.00572 1
15 0.07761 0.5 0.0053 1
5 0.1033 0.5 0.00252 1
25 0.51387 0.5 0.00466 1
13 0.74068 0.5 0.00172 1
13 0.7639 0.5 0.00288 1
25 0.87048 0.5 0.00916 1
4 0.0408 0.5 0.0056 1
4 0.67967 0.5 0.0031 1
4 0.7516 0.5 0.02032 1
18 0.22696 0.5 0.00096 1
18 0.24992 0.5 0.00076 1
18 0.39605 0.5 0.00066 1
