8 0.15106 0.5 0.01004 1
8 0.16276 0.5 0.01332 1
8 0.37292 0.5 0.01004 1
8 0.40325 0.5 0.05058 1
8 0.44917 0.5 0.03982 1
8 0.47412 0.5 0.01004 1
25 0.00365 0.5 0.00434 1
25 0.02249 0.5 0.00402 1
25 0.03578 0.5 0.00364 1
25 0.04697 0.5 0.00622 1
25 0.06116 0.5 0.00256 1
25 0.07019 0.5 0.00422 1
25 0.10124 0.5 0.00296 1
25 0.10979 0.5 0.00554 1
25 0.12394 0.5 0.0036 1
25 0.13466 0.5 0.00732 1
25 0.17623 0.5 0.00314 1
25 0.18517 0.5 0.00434 1
25 0.20401 0.5 0.00402 1
25 0.21749 0.5 0.00314 1
25 0.22643 0.5 0.00434 1
25 0.24527 0.5 0.00402 1
25 0.25856 0.5 0.00364 1
25 0.26975 0.5 0.00622 1
25 0.28394 0.5 0.00256 1
25 0.29297 0.5 0.00422 1
25 0.30305 0.5 0.0047 1
25 0.32364 0.5 0.00296 1
25 0.33189 0.5 0.00494 1
25 0.34599 0.5 0.00298 1
25 0.35652 0.5 0.00732 1
25 0.483 0.5 0.00324 1
25 0.49276 0.5 0.0034 1
25 0.51525 0.5 0.00562 1
25 0.52621 0.5 0.00526 1
25 0.53705 0.5 0.00666 1
25 0.54921 0.5 0.00498 1
25 0.55992 0.5 0.00552 1
25 0.58994 0.5 0.00168 1
25 0.59219 0.5 0.00034 1
25 0.60095 0.5 0.00434 1
25 0.61126 0.5 0.00508 1
25 0.62488 0.5 0.00312 1
25 0.63461 0.5 0.00378 1
25 0.64332 0.5 0.00104 1
25 0.64662 0.5 0.0006 1
25 0.65544 0.5 0.0046 1
25 0.66909 0.5 0.00202 1
25 0.6783 0.5 0.00396 1
25 0.69906 0.5 0.00508 1
25 0.71268 0.5 0.00312 1
25 0.72241 0.5 0.00378 1
25 0.73112 0.5 0.00104 1
25 0.73442 0.5 0.0006 1
25 0.74317 0.5 0.00446 1
25 0.75614 0.5 0.00388 1
25 0.76589 0.5 0.0039 1
25 0.79606 0.5 0.00516 1
25 0.80668 0.5 0.005 1
25 0.81734 0.5 0.004 1
25 0.82741 0.5 0.00494 1
25 0.84083 0.5 0.00334 1
25 0.85045 0.5 0.00398 1
25 0.86049 0.5 0.00438 1
25 0.87163 0.5 0.00678 1
25 0.88272 0.5 0.0034 1
11 0.88313 0.5 0.00286 1
25 0.89815 0.5 0.00054 1
11 0.89917 0.5 0.00146 1
25 0.90003 0.5 0.00022 1
25 0.90442 0.5 0.00384 1
11 0.91428 0.5 0.00204 1
25 0.91457 0.5 0.00198 1
25 0.92184 0.5 0.00468 1
25 0.9322 0.5 0.00368 1
25 0.9422 0.5 0.004 1
25 0.95565 0.5 0.00202 1
25 0.97252 0.5 0.00448 1
18 0.0127 0.5 0.00092 1
18 0.0595 0.5 0.00068 1
18 0.07885 0.5 0.00106 1
18 0.08247 0.5 0.00046 1
18 0.19422 0.5 0.00092 1
18 0.23548 0.5 0.00092 1
18 0.28228 0.5 0.00068 1
18 0.31208 0.5 0.00092 1
18 0.56951 0.5 0.00094 1
18 0.5914 0.5 0.0012 1
18 0.66753 0.5 0.00098 1
18 0.687 0.5 0.00092 1
18 0.78395 0.5 0.0013 1
18 0.78676 0.5 0.00048 1
18 0.95391 0.5 0.00086 1
18 0.96354 0.5 0.0008 1
18 0.98548 0.5 0.00284 1
18 0.99412 0.5 0.0008 1
