21 0.05629 0.5 0.0037 1
21 0.06189 0.5 0.00838 1
21 0.06787 0.5 0.00206 1
21 0.08331 0.5 0.02878 1
21 0.11794 0.5 0.0014 1
21 0.13161 0.5 0.0091 1
21 0.13729 0.5 0.00278 1
21 0.14349 0.5 0.00966 1
21 0.15123 0.5 0.00402 1
21 0.15599 0.5 0.00098 1
21 0.17507 0.5 0.00506 1
21 0.17944 0.5 0.002 1
21 0.62882 0.5 0.00128 1
21 0.6315 0.5 0.00404 1
5 0.00691 0.5 0.00446 1
2 0.02251 0.5 0.0265 1
2 0.20374 0.5 0.04656 1
5 0.24109 0.5 0.01366 1
5 0.25419 0.5 0.00646 1
5 0.28403 0.5 0.0329 1
2 0.30509 0.5 0.00894 1
2 0.31793 0.5 0.00646 1
11 0.3386 0.5 0.02952 1
11 0.44332 0.5 0.17032 1
11 0.53848 0.5 0.00696 1
11 0.55319 0.5 0.00306 1
2 0.6236 0.5 0.00536 1
15 0.63794 0.5 0.00264 1
4 0.66462 0.5 0.01384 1
4 0.67788 0.5 0.01328 1
4 0.71709 0.5 0.0633 1
4 0.76468 0.5 0.0314 1
4 0.78493 0.5 0.0095 1
4 0.79865 0.5 0.0143 1
4 0.80923 0.5 0.00466 1
4 0.82569 0.5 0.02834 1
4 0.91098 0.5 0.00248 1
4 0.97031 0.5 0.02042 1
18 0.93932 0.5 0.00092 1
