21 0.044 0.5 0.02392 1
21 0.21486 0.5 0.02348 1
21 0.24273 0.5 0.03222 1
21 0.25921 0.5 0.0007 1
21 0.28327 0.5 0.02158 1
21 0.55842 0.5 0.05516 1
21 0.58767 0.5 0.00358 1
21 0.59442 0.5 0.00868 1
21 0.60348 0.5 0.0094 1
21 0.63703 0.5 0.00594 1
21 0.64684 0.5 0.01352 1
21 0.65558 0.5 0.0034 1
21 0.65931 0.5 0.00394 1
21 0.6859 0.5 0.02708 1
8 0.70414 0.5 0.00936 1
21 0.72721 0.5 0.03674 1
21 0.76249 0.5 0.03438 1
21 0.81695 0.5 0.0733 1
21 0.94716 0.5 0.13968 1
25 0.00223 0.5 0.00386 1
25 0.01191 0.5 0.00326 1
25 0.02169 0.5 0.00358 1
25 0.031 0.5 0.00276 1
25 0.09513 0.5 0.00362 1
25 0.10501 0.5 0.00386 1
25 0.1149 0.5 0.0034 1
25 0.1244 0.5 0.00324 1
25 0.1345 0.5 0.00488 1
25 0.14431 0.5 0.00322 1
25 0.15286 0.5 0.00152 1
25 0.16169 0.5 0.00394 1
25 0.18199 0.5 0.00538 1
25 0.19419 0.5 0.00662 1
25 0.26145 0.5 0.00374 1
25 0.27102 0.5 0.00288 1
25 0.29716 0.5 0.00188 1
25 0.30775 0.5 0.00382 1
25 0.31898 0.5 0.00384 1
25 0.33026 0.5 0.00668 1
25 0.34084 0.5 0.00196 1
25 0.35286 0.5 0.00352 1
25 0.3626 0.5 0.00376 1
25 0.87414 0.5 0.00632 1
18 0.17064 0.5 0.00084 1
18 0.2945 0.5 0.00084 1
