8 0.047 0.5 0.00512 1
8 0.09533 0.5 0.02334 1
21 0.11907 0.5 0.0241 1
8 0.13183 0.5 0.00138 1
8 0.14011 0.5 0.00622 1
8 0.1555 0.5 0.0022 1
8 0.16358 0.5 0.00852 1
8 0.17235 0.5 0.00286 1
0 0.59431 0.5 0.00126 1
0 0.604 0.5 0.00124 1
0 0.61359 0.5 0.00126 1
0 0.6232 0.5 0.00124 1
0 0.63288 0.5 0.00124 1
0 0.64256 0.5 0.00124 1
0 0.65211 0.5 0.00126 1
21 0.75427 0.5 0.0037 1
5 0.26252 0.5 0.01608 1
2 0.37102 0.5 0.00164 1
15 0.41012 0.5 0.00316 1
15 0.43405 0.5 0.00246 1
2 0.5525 0.5 0.0008 1
15 0.58277 0.5 0.00406 1
13 0.93063 0.5 0.00294 1
2 0.98344 0.5 0.02728 1
11 1.00068 0.5 0.00756 1
24 0.01671 0.5 0.03002 1
24 0.95559 0.5 0.00566 1
4 0.08102 0.5 0.00072 1
4 0.3693 0.5 0.00168 1
4 0.40239 0.5 0.01174 1
4 0.4148 0.5 0.00608 1
4 0.44197 0.5 0.01182 1
4 0.45163 0.5 0.0073 1
4 0.66286 0.5 0.00196 1
18 0.39478 0.5 0.00076 1
