8 0.95304 0.5 0.0026 1
8 0.99896 0.5 0.0892 1
5 0.10197 0.5 0.00138 1
5 0.10439 0.5 0.00298 1
25 0.19633 0.5 0.00886 1
25 0.20397 0.5 0.00646 1
25 0.21209 0.5 0.0047 1
25 0.21525 0.5 0.00258 1
2 0.47804 0.5 0.00716 1
2 0.49421 0.5 0.00638 1
2 0.68085 0.5 0.00734 1
2 0.6996 0.5 0.00388 1
2 0.70668 0.5 0.00452 1
2 0.71225 0.5 0.00618 1
2 0.71726 0.5 0.00188 1
2 0.73045 0.5 0.00742 1
2 0.73802 0.5 0.00312 1
2 0.75348 0.5 0.02288 1
2 0.77605 0.5 0.00322 1
2 0.78043 0.5 0.00146 1
2 0.81678 0.5 0.00252 1
2 0.92898 0.5 0.00588 1
24 0.55297 0.5 0.00262 1
24 0.82492 0.5 0.00628 1
4 0.01684 0.5 0.01692 1
4 0.03481 0.5 0.01934 1
4 0.27875 0.5 0.00266 1
4 0.28806 0.5 0.01196 1
4 0.33309 0.5 0.0045 1
4 0.34008 0.5 0.00608 1
4 0.38437 0.5 0.01726 1
4 0.40258 0.5 0.02032 1
4 0.41384 0.5 0.00216 1
4 0.4169 0.5 0.00312 1
4 0.44377 0.5 0.00358 1
4 0.46028 0.5 0.00292 1
18 0.15766 0.5 0.00124 1
18 0.35939 0.5 0.0007 1
