21 0.32795 0.5 0.01362 1
21 0.34701 0.5 0.0211 1
21 0.36227 0.5 0.00862 1
21 0.36997 0.5 0.00658 1
21 0.39175 0.5 0.0327 1
21 0.41103 0.5 0.00582 1
21 0.43039 0.5 0.02874 1
21 0.45881 0.5 0.0019 1
21 0.47143 0.5 0.01486 1
21 0.48127 0.5 0.00478 1
8 0.49124 0.5 0.01456 1
21 0.5026 0.5 0.00812 1
21 0.51306 0.5 0.01296 1
21 0.52015 0.5 0.00118 1
21 0.53912 0.5 0.03532 1
21 0.56124 0.5 0.00904 1
21 0.572 0.5 0.00452 1
21 0.63221 0.5 0.01418 1
21 0.64267 0.5 0.0067 1
21 0.65486 0.5 0.0164 1
21 0.66422 0.5 0.00228 1
21 0.6761 0.5 0.01424 1
21 0.68801 0.5 0.00198 1
21 0.69608 0.5 0.0088 1
21 0.70731 0.5 0.01426 1
21 0.75341 0.5 0.01418 1
21 0.76387 0.5 0.0067 1
21 0.77602 0.5 0.0164 1
21 0.78538 0.5 0.00228 1
21 0.79726 0.5 0.01424 1
21 0.80917 0.5 0.00198 1
21 0.81724 0.5 0.0088 1
21 0.83688 0.5 0.03108 1
21 0.85486 0.5 0.00444 1
21 0.88064 0.5 0.00196 1
21 0.88467 0.5 0.00626 1
21 0.92608 0.5 0.07652 1
21 0.97106 0.5 0.01364 1
21 0.97961 0.5 0.00366 1
21 0.99308 0.5 0.02404 1
2 0.10568 0.5 0.00244 1
2 0.11104 0.5 0.0026 1
2 0.12876 0.5 0.00984 1
2 0.13786 0.5 0.00124 1
2 0.14582 0.5 0.00564 1
2 0.1616 0.5 0.00428 1
2 0.18591 0.5 0.0357 1
13 0.22726 0.5 0.0008 1
13 0.23263 0.5 0.0109 1
2 0.6146 0.5 0.02084 1
2 0.73582 0.5 0.0208 1
11 0.87186 0.5 0.01568 1
24 0.22205 0.5 0.00982 1
24 0.2593 0.5 0.0424 1
20 0.29291 0.5 0.00846 1
