8 0.00838 0.5 0.00096 1
8 0.01117 0.5 0.00214 1
8 0.21814 0.5 0.00332 1
8 0.26461 0.5 0.08958 1
8 0.31108 0.5 0.00332 1
8 0.31528 0.5 0.00292 1
8 0.68577 0.5 0.0029 1
8 0.73354 0.5 0.00096 1
8 0.73633 0.5 0.00214 1
8 0.9433 0.5 0.00332 1
8 0.98977 0.5 0.08958 1
4 0.01842 0.5 0.00156 1
4 0.0467 0.5 0.0102 1
4 0.05338 0.5 0.003 1
4 0.10417 0.5 0.0021 1
4 0.10629 0.5 0.00222 1
4 0.54261 0.5 0.0059 1
4 0.54714 0.5 0.003 1
4 0.59797 0.5 0.0021 1
4 0.60009 0.5 0.00222 1
4 0.74358 0.5 0.00156 1
4 0.77186 0.5 0.0102 1
4 0.77854 0.5 0.003 1
4 0.82933 0.5 0.0021 1
4 0.83145 0.5 0.00222 1
18 0.00585 0.5 0.0009 1
18 0.32604 0.5 0.00144 1
18 0.45964 0.5 0.00088 1
18 0.69666 0.5 0.0018 1
18 0.73101 0.5 0.0009 1
