8 0.26367 0.5 0.00722 1
21 0.27085 0.5 0.00722 1
2 0.31156 0.5 0.01888 1
2 0.40691 0.5 0.17278 1
25 0.50554 0.5 0.00324 1
25 0.51145 0.5 0.00306 1
25 0.52137 0.5 0.01402 1
25 0.53383 0.5 0.0069 1
2 0.54365 0.5 0.00102 1
2 0.57926 0.5 0.0008 1
2 0.64632 0.5 0.13388 1
25 0.7255 0.5 0.00324 1
25 0.72989 0.5 0.0013 1
25 0.73487 0.5 0.00522 1
25 0.74463 0.5 0.01426 1
25 0.76025 0.5 0.01382 1
25 0.77261 0.5 0.0069 1
2 0.78243 0.5 0.00102 1
6 0.82183 0.5 0.00486 1
24 0.95282 0.5 0.11556 1
18 0.22262 0.5 0.00104 1
18 0.24237 0.5 0.0017 1
18 0.81749 0.5 0.00082 1
18 0.88787 0.5 0.00074 1
