21 0.06894 0.5 0.10416 1
21 0.15812 0.5 0.07348 1
21 0.20295 0.5 0.01614 1
21 0.22156 0.5 0.01976 1
21 0.28837 0.5 0.11326 1
21 0.34909 0.5 0.00826 1
21 0.35431 0.5 0.00346 1
21 0.36148 0.5 0.01088 1
21 0.38437 0.5 0.03482 1
21 0.40247 0.5 0.00134 1
21 0.40641 0.5 0.00762 1
21 0.44515 0.5 0.06906 1
21 0.49779 0.5 0.03406 1
21 0.5174 0.5 0.00288 1
21 0.53924 0.5 0.0198 1
21 0.55626 0.5 0.0038 1
21 0.57896 0.5 0.03304 1
21 0.60064 0.5 0.01028 1
8 0.61152 0.5 0.00348 1
21 0.63278 0.5 0.00824 1
21 0.64069 0.5 0.00206 1
21 0.64433 0.5 0.00242 1
8 0.64919 0.5 0.00326 1
21 0.65615 0.5 0.0035 1
21 0.66259 0.5 0.0037 1
21 0.67996 0.5 0.00256 1
8 0.68589 0.5 0.0017 1
8 0.68709 0.5 0.00234 1
8 0.69848 0.5 0.00508 1
21 0.71186 0.5 0.0222 1
21 0.73087 0.5 0.0155 1
21 0.74138 0.5 0.00132 1
21 0.75928 0.5 0.03456 1
8 0.78101 0.5 0.00886 1
21 0.79543 0.5 0.01994 1
21 0.81438 0.5 0.01792 1
21 0.82546 0.5 0.0044 1
21 0.86602 0.5 0.00168 1
21 0.88285 0.5 0.03194 1
21 0.90392 0.5 0.01008 1
21 0.93988 0.5 0.01132 1
21 0.94652 0.5 0.00076 1
21 0.94875 0.5 0.00346 1
21 0.95087 0.5 0.00082 1
21 0.96574 0.5 0.029 1
25 0.91874 0.5 0.01952 1
25 0.93229 0.5 0.00382 1
