21 0.37488 0.5 0.03884 1
8 0.39383 0.5 0.01178 1
21 0.41727 0.5 0.03506 1
21 0.43859 0.5 0.00862 1
21 0.44407 0.5 0.00062 1
21 0.44784 0.5 0.007 1
21 0.49766 0.5 0.0934 1
8 0.54807 0.5 0.00738 1
21 0.66144 0.5 0.02308 1
21 0.67571 0.5 0.00542 1
21 0.73589 0.5 0.11382 1
21 0.80402 0.5 0.02312 1
21 1.00479 0.5 0.01006 1
11 0.05091 0.5 0.04374 1
11 0.07682 0.5 0.00564 1
11 0.08762 0.5 0.01604 1
11 0.10748 0.5 0.02476 1
25 0.25281 0.5 0.0097 1
25 0.2654 0.5 0.00828 1
15 0.28726 0.5 0.00112 1
25 0.59873 0.5 0.00206 1
15 0.89217 0.5 0.0087 1
15 0.95603 0.5 0.0119 1
24 0.34123 0.5 0.02842 1
24 0.55492 0.5 0.00624 1
7 0.24102 0.5 0.00464 1
4 0.15625 0.5 0.00706 1
4 0.19932 0.5 0.00272 1
4 0.56558 0.5 0.01516 1
4 0.57479 0.5 0.00374 1
4 0.64306 0.5 0.00208 1
4 0.64612 0.5 0.00312 1
4 0.83079 0.5 0.00346 1
4 0.84785 0.5 0.0033 1
18 0.27259 0.5 0.00134 1
