21 0.73202 0.5 0.03064 1
11 0.07527 0.5 0.12146 1
11 0.13629 0.5 0.00146 1
2 0.15185 0.5 0.01754 1
11 0.2158 0.5 0.02712 1
11 0.25038 0.5 0.04224 1
2 0.30237 0.5 0.01054 1
2 0.32195 0.5 0.02422 1
2 0.3633 0.5 0.03768 1
2 0.38772 0.5 0.01072 1
2 0.39748 0.5 0.003 1
2 0.40485 0.5 0.00774 1
25 0.419 0.5 0.00556 1
2 0.42323 0.5 0.0033 1
2 0.42543 0.5 0.00226 1
15 0.58791 0.5 0.0025 1
15 0.67169 0.5 0.00674 1
15 0.67714 0.5 0.00272 1
2 0.71236 0.5 0.00864 1
2 0.76967 0.5 0.04462 1
2 0.79974 0.5 0.00156 1
5 0.81333 0.5 0.02006 1
5 0.84238 0.5 0.00768 1
5 0.85117 0.5 0.00438 1
2 0.88661 0.5 0.00434 1
2 0.91947 0.5 0.01746 1
2 0.93286 0.5 0.0032 1
2 0.94402 0.5 0.01032 1
2 0.95711 0.5 0.01054 1
2 0.97121 0.5 0.0143 1
2 1.01041 0.5 0.04086 1
4 0.18338 0.5 0.02904 1
4 0.70752 0.5 0.00088 1
18 0.56314 0.5 0.00116 1
