21 0.78805 0.5 0.00218 1
21 0.7945 0.5 0.0096 1
2 0.35165 0.5 0.0093 1
2 0.35889 0.5 0.00478 1
2 0.50213 0.5 0.0037 1
2 0.50794 0.5 0.00388 1
2 0.69455 0.5 0.00622 1
2 0.70746 0.5 0.01984 1
2 0.77271 0.5 0.00318 1
2 0.77554 0.5 0.00244 1
4 0.38751 0.5 0.01118 1
4 0.40378 0.5 0.01176 1
4 0.42051 0.5 0.00542 1
4 0.42606 0.5 0.0024 1
4 0.44264 0.5 0.0268 1
4 0.46171 0.5 0.00414 1
18 0.26041 0.5 0.00074 1
18 0.74653 0.5 0.00062 1
18 0.75511 0.5 0.00086 1
18 0.80785 0.5 0.0011 1
18 0.8239 0.5 0.0008 1
