8 0.01401 0.5 0.00518 1
8 0.05051 0.5 0.00254 1
8 0.09706 0.5 0.09052 1
8 0.14513 0.5 0.00254 1
21 0.14869 0.5 0.00162 1
21 0.20583 0.5 0.0059 1
21 0.2699 0.5 0.12212 1
21 0.34678 0.5 0.01636 1
21 0.3724 0.5 0.01072 1
21 0.39071 0.5 0.00318 1
21 0.39646 0.5 0.00828 1
8 0.96549 0.5 0.00138 1
13 0.02166 0.5 0.00104 1
13 0.03065 0.5 0.00466 1
5 0.18762 0.5 0.00308 1
16 0.44708 0.5 0.02232 1
2 0.58243 0.5 0.00246 1
2 0.6568 0.5 0.00448 1
25 0.67119 0.5 0.0019 1
25 0.70244 0.5 0.0032 1
2 0.8695 0.5 0.00096 1
15 0.89922 0.5 0.0064 1
15 0.90253 0.5 0.00314 1
15 0.90769 0.5 0.0065 1
4 0.18686 0.5 0.00312 1
18 0.4703 0.5 0.00108 1
18 0.49029 0.5 0.0011 1
18 0.58561 0.5 0.00062 1
18 0.72036 0.5 0.0008 1
18 0.80757 0.5 0.00062 1
18 0.85263 0.5 0.00094 1
18 0.88107 0.5 0.00174 1
18 0.9556 0.5 0.00112 1
