21 0.24122 0.5 0.0352 1
8 0.30179 0.5 0.00382 1
21 0.63747 0.5 0.02314 1
21 0.66336 0.5 0.0286 1
21 0.71932 0.5 0.0832 1
21 0.77213 0.5 0.0231 1
0 0.85132 0.5 0.00708 1
0 0.85599 0.5 0.00222 1
0 0.86047 0.5 0.0067 1
2 0.0124 0.5 0.00244 1
11 0.15166 0.5 0.00324 1
2 0.16834 0.5 0.00176 1
2 0.16869 0.5 0.00218 1
2 0.19438 0.5 0.0302 1
2 0.21877 0.5 0.00958 1
2 0.26447 0.5 0.01126 1
2 0.28281 0.5 0.00158 1
5 0.32692 0.5 0.04568 1
2 0.43985 0.5 0.01022 1
2 0.46904 0.5 0.0484 1
2 0.88207 0.5 0.00154 1
24 0.06551 0.5 0.0249 1
24 0.37296 0.5 0.0012 1
24 0.54583 0.5 0.00134 1
4 0.36761 0.5 0.01138 1
4 0.55152 0.5 0.01192 1
4 0.60694 0.5 0.01888 1
18 0.2917 0.5 0.0012 1
18 0.55882 0.5 0.00064 1
