21 0.24253 0.5 0.03358 1
21 0.29921 0.5 0.07974 1
21 0.34213 0.5 0.00414 1
21 0.54437 0.5 0.03274 1
21 0.60795 0.5 0.01034 1
21 0.63371 0.5 0.04114 1
21 0.71731 0.5 0.12662 1
21 0.78662 0.5 0.01328 1
21 0.79828 0.5 0.01 1
21 0.81935 0.5 0.02382 1
21 0.86403 0.5 0.04838 1
21 0.89023 0.5 0.00166 1
21 0.90322 0.5 0.02288 1
21 0.91626 0.5 0.00384 1
21 0.97605 0.5 0.0335 1
21 1.04976 0.5 0.11388 1
6 0.00909 0.5 0.00526 1
5 0.37048 0.5 0.0048 1
2 0.38469 0.5 0.00102 1
2 0.40241 0.5 0.0041 1
2 0.40773 0.5 0.00662 1
2 0.41451 0.5 0.0067 1
2 0.42306 0.5 0.00528 1
2 0.47683 0.5 0.10026 1
11 0.59866 0.5 0.00364 1
25 0.8353 0.5 0.00648 1
2 0.92175 0.5 0.00682 1
2 0.94242 0.5 0.03372 1
24 0.01487 0.5 0.00342 1
18 0.08968 0.5 0.0008 1
18 0.10573 0.5 0.00082 1
18 0.34585 0.5 0.00118 1
18 0.59096 0.5 0.0006 1
