21 0.02781 0.5 0.00962 1
21 0.04901 0.5 0.03274 1
21 0.11058 0.5 0.09036 1
21 0.16091 0.5 0.01018 1
21 0.18775 0.5 0.04342 1
21 0.22138 0.5 0.02388 1
21 0.23748 0.5 0.00856 1
21 0.25035 0.5 0.01754 1
21 0.28929 0.5 0.0601 1
21 0.3201 0.5 0.00096 1
21 0.33263 0.5 0.02406 1
8 0.35067 0.5 0.01198 1
21 0.3776 0.5 0.04212 1
21 0.40618 0.5 0.015 1
21 0.44437 0.5 0.00942 1
21 0.45731 0.5 0.01642 1
21 0.5722 0.5 0.00636 1
21 0.58619 0.5 0.02034 1
21 0.60354 0.5 0.01432 1
21 0.61831 0.5 0.01518 1
21 0.63897 0.5 0.00974 1
21 0.64887 0.5 0.00342 1
21 0.66389 0.5 0.02658 1
21 0.6834 0.5 0.0124 1
21 0.70699 0.5 0.03414 1
21 0.73928 0.5 0.0304 1
21 0.78133 0.5 0.0539 1
21 0.84034 0.5 0.06348 1
21 0.88189 0.5 0.01958 1
21 0.89463 0.5 0.00466 1
21 0.89734 0.5 0.00072 1
21 0.90788 0.5 0.00912 1
21 0.92461 0.5 0.0243 1
21 0.95002 0.5 0.0268 1
21 0.9721 0.5 0.0174 1
21 0.9837 0.5 0.00576 1
21 0.99758 0.5 0.01732 1
11 0.478 0.5 0.00472 1
11 0.48289 0.5 0.0047 1
11 0.48968 0.5 0.00212 1
11 0.53217 0.5 0.0737 1
