8 0.4037 0.5 0.00128 1
8 0.47609 0.5 0.00162 1
0 0.52848 0.5 0.00576 1
8 0.78343 0.5 0.01222 1
21 0.87551 0.5 0.00178 1
21 0.88242 0.5 0.0032 1
5 0.10492 0.5 0.00788 1
2 0.121 0.5 0.00328 1
2 0.13346 0.5 0.0216 1
2 0.14652 0.5 0.00448 1
2 0.42614 0.5 0.00256 1
2 0.4282 0.5 0.001 1
3 0.43329 0.5 0.00914 1
5 0.43527 0.5 0.00166 1
3 0.43806 0.5 0.00388 1
16 0.43845 0.5 0.0033 1
16 0.44042 0.5 0.00056 1
3 0.44614 0.5 0.00844 1
5 0.45042 0.5 0.00556 1
16 0.45165 0.5 0.0033 1
16 0.45444 0.5 0.0022 1
2 0.45981 0.5 0.00818 1
3 0.47686 0.5 0.0024 1
3 0.47986 0.5 0.00072 1
11 0.55913 0.5 0.05238 1
11 0.59304 0.5 0.01308 1
11 0.65564 0.5 0.10432 1
15 0.71189 0.5 0.00254 1
15 0.71815 0.5 0.00242 1
24 0.34196 0.5 0.10196 1
24 0.4085 0.5 0.00396 1
24 0.74159 0.5 0.00806 1
24 0.95396 0.5 0.00296 1
24 0.99379 0.5 0.00146 1
4 0.07721 0.5 0.00458 1
4 0.73594 0.5 0.00344 1
4 0.74875 0.5 0.00618 1
4 0.75671 0.5 0.00306 1
4 0.81892 0.5 0.00516 1
4 0.86305 0.5 0.0017 1
18 0.11835 0.5 0.0007 1
18 0.223 0.5 0.00068 1
18 0.28449 0.5 0.00122 1
18 0.8152 0.5 0.00108 1
