21 0.00865 0.5 0.00358 1
8 0.03722 0.5 0.00116 1
8 0.29689 0.5 0.0047 1
8 0.807 0.5 0.00436 1
21 0.91836 0.5 0.00584 1
21 0.92267 0.5 0.00294 1
21 0.94415 0.5 0.03998 1
21 0.96486 0.5 0.00228 1
3 0.038 0.5 0.00036 1
2 0.37532 0.5 0.00288 1
2 0.61947 0.5 0.00538 1
6 0.67165 0.5 0.00078 1
24 0.06605 0.5 0.00806 1
4 0.96715 0.5 0.0013 1
18 0.01359 0.5 0.00062 1
18 0.19357 0.5 0.00058 1
18 0.29283 0.5 0.00086 1
18 0.33329 0.5 0.00114 1
18 0.38441 0.5 0.00082 1
18 0.69575 0.5 0.00078 1
18 0.74767 0.5 0.00166 1
