8 0.1246 0.5 0.00416 1
21 0.23953 0.5 0.0075 1
21 0.28891 0.5 0.09154 1
21 0.33845 0.5 0.0075 1
8 0.37594 0.5 0.01804 1
8 0.38721 0.5 0.00202 1
8 0.39502 0.5 0.00944 1
8 0.42427 0.5 0.01982 1
21 0.47078 0.5 0.07328 1
8 0.54241 0.5 0.06962 1
8 0.57871 0.5 0.00286 1
2 0.13406 0.5 0.00436 1
2 0.14061 0.5 0.00282 1
2 0.14089 0.5 0.00334 1
5 0.59171 0.5 0.0029 1
11 0.66616 0.5 0.02976 1
11 0.72122 0.5 0.00888 1
11 0.76616 0.5 0.08092 1
2 0.85382 0.5 0.00216 1
2 0.85826 0.5 0.00236 1
2 0.86569 0.5 0.0039 1
2 0.87752 0.5 0.007 1
2 0.88247 0.5 0.00222 1
2 0.89649 0.5 0.0135 1
2 0.9124 0.5 0.00244 1
24 0.04901 0.5 0.00214 1
24 0.08122 0.5 0.00416 1
24 0.96551 0.5 0.0249 1
4 0.0257 0.5 0.00328 1
4 0.03255 0.5 0.00802 1
4 0.03906 0.5 0.0048 1
4 0.04476 0.5 0.00676 1
4 0.08813 0.5 0.01122 1
18 0.1084 0.5 0.00084 1
18 0.11559 0.5 0.0013 1
18 0.34713 0.5 0.0005 1
