21 0.06335 0.5 0.01782 1
21 0.07757 0.5 0.01058 1
21 0.09423 0.5 0.0227 1
21 0.1205 0.5 0.03088 1
21 0.13967 0.5 0.00806 1
21 0.14906 0.5 0.00144 1
21 0.15368 0.5 0.00308 1
21 0.17183 0.5 0.03318 1
21 0.20502 0.5 0.03316 1
21 0.22761 0.5 0.00558 1
21 0.24499 0.5 0.01974 1
21 0.26322 0.5 0.00348 1
21 0.28217 0.5 0.03266 1
21 0.33411 0.5 0.06906 1
21 0.37346 0.5 0.0096 1
21 0.38047 0.5 0.00094 1
21 0.38897 0.5 0.01602 1
21 0.47504 0.5 0.0062 1
21 0.48254 0.5 0.00928 1
21 0.50303 0.5 0.03166 1
21 0.52986 0.5 0.02196 1
21 0.54466 0.5 0.00756 1
21 0.55799 0.5 0.02038 1
8 0.59001 0.5 0.0025 1
8 0.6345 0.5 0.011 1
8 0.64799 0.5 0.01594 1
8 0.69157 0.5 0.07098 1
8 0.72849 0.5 0.00218 1
8 0.73599 0.5 0.01386 1
8 0.74844 0.5 0.011 1
15 0.40136 0.5 0.00868 1
15 0.43428 0.5 0.05844 1
15 0.46936 0.5 0.00508 1
2 0.60468 0.5 0.00548 1
2 0.6125 0.5 0.00468 1
3 0.76945 0.5 0.00402 1
10 0.77843 0.5 0.00506 1
24 0.76287 0.5 0.00174 1
24 0.98661 0.5 0.00134 1
4 0.76735 0.5 0.00398 1
