25 0.01118 0.5 0.00352 1
25 0.02066 0.5 0.00512 1
25 0.03161 0.5 0.00414 1
25 0.04468 0.5 0.00304 1
25 0.05432 0.5 0.00364 1
25 0.07491 0.5 0.00406 1
25 0.08833 0.5 0.00358 1
25 0.09814 0.5 0.00376 1
25 0.10815 0.5 0.0039 1
25 0.11838 0.5 0.00408 1
25 0.13152 0.5 0.00332 1
25 0.14135 0.5 0.00374 1
25 0.15109 0.5 0.00318 1
25 0.16106 0.5 0.00428 1
25 0.17464 0.5 0.004 1
25 0.18484 0.5 0.00352 1
25 0.1944 0.5 0.00528 1
25 0.20524 0.5 0.00436 1
25 0.21811 0.5 0.00338 1
25 0.22798 0.5 0.0036 1
25 0.24831 0.5 0.00438 1
25 0.26119 0.5 0.00338 1
25 0.27073 0.5 0.00454 1
25 0.28201 0.5 0.00678 1
25 0.30676 0.5 0.00432 1
25 0.31998 0.5 0.00312 1
25 0.32938 0.5 0.00468 1
25 0.33995 0.5 0.00434 1
25 0.35036 0.5 0.004 1
25 0.36387 0.5 0.00338 1
25 0.37332 0.5 0.00444 1
25 0.38358 0.5 0.00392 1
25 0.39749 0.5 0.00498 1
25 0.40674 0.5 0.00244 1
25 0.41426 0.5 0.00372 1
25 0.42382 0.5 0.00368 1
25 0.43436 0.5 0.00456 1
25 0.44482 0.5 0.004 1
25 0.45825 0.5 0.00338 1
25 0.46832 0.5 0.00448 1
25 0.47882 0.5 0.00456 1
11 0.48626 0.5 0.00396 1
11 0.48874 0.5 0.00096 1
11 0.50901 0.5 0.01458 1
11 0.54113 0.5 0.02478 1
11 0.56183 0.5 0.00662 1
25 0.5737 0.5 0.00536 1
25 0.58468 0.5 0.00376 1
25 0.59529 0.5 0.00534 1
25 0.60583 0.5 0.00398 1
25 0.6156 0.5 0.0046 1
25 0.62602 0.5 0.004 1
25 0.63413 0.5 0.00242 1
25 0.64302 0.5 0.00368 1
25 0.67705 0.5 0.00706 1
25 0.69816 0.5 0.0038 1
25 0.7078 0.5 0.0038 1
25 0.71758 0.5 0.00476 1
25 0.73113 0.5 0.00338 1
25 0.74099 0.5 0.0039 1
25 0.75191 0.5 0.00574 1
25 0.76591 0.5 0.00338 1
25 0.77577 0.5 0.0039 1
25 0.78673 0.5 0.00566 1
25 0.80081 0.5 0.00362 1
25 0.81063 0.5 0.00374 1
25 0.82087 0.5 0.00438 1
25 0.83087 0.5 0.00346 1
25 0.84391 0.5 0.00338 1
25 0.85358 0.5 0.0048 1
25 0.86723 0.5 0.00334 1
25 0.87692 0.5 0.00528 1
25 0.88795 0.5 0.00378 1
25 0.90096 0.5 0.00332 1
25 0.9107 0.5 0.00336 1
25 0.9206 0.5 0.00392 1
25 0.93316 0.5 0.00312 1
25 0.943 0.5 0.00336 1
25 0.9529 0.5 0.00392 1
25 0.96623 0.5 0.00322 1
25 0.97939 0.5 0.00326 1
25 0.99253 0.5 0.00326 1
18 0.063 0.5 0.00092 1
18 0.23659 0.5 0.00094 1
18 0.29649 0.5 0.0027 1
18 0.68829 0.5 0.0029 1
