21 0.08596 0.5 0.01692 1
21 0.12471 0.5 0.06054 1
21 0.15676 0.5 0.001 1
21 0.15691 0.5 0.00098 1
21 0.16955 0.5 0.02378 1
21 0.193 0.5 0.02416 1
21 0.2363 0.5 0.00436 1
21 0.24532 0.5 0.00272 1
8 0.27515 0.5 0.02466 1
8 0.37362 0.5 0.03556 1
21 0.75606 0.5 0.01804 1
21 0.77402 0.5 0.01796 1
21 0.96335 0.5 0.01782 1
21 0.97757 0.5 0.01058 1
21 0.99423 0.5 0.0227 1
5 0.00356 0.5 0.00088 1
5 0.05776 0.5 0.03696 1
11 0.31557 0.5 0.05614 1
11 0.34417 0.5 0.00062 1
11 0.34514 0.5 0.00148 1
11 0.35282 0.5 0.006 1
5 0.42004 0.5 0.00548 1
5 0.42464 0.5 0.00068 1
5 0.43278 0.5 0.01464 1
5 0.45428 0.5 0.0098 1
10 0.4713 0.5 0.0176 1
10 0.48446 0.5 0.00672 1
15 0.61697 0.5 0.08366 1
10 0.73694 0.5 0.01976 1
11 0.80543 0.5 0.04478 1
11 0.85612 0.5 0.05656 1
11 0.91943 0.5 0.06862 1
4 0.55757 0.5 0.0007 1
4 0.57004 0.5 0.01016 1
4 0.65996 0.5 0.00228 1
4 0.66165 0.5 0.00102 1
4 0.71993 0.5 0.0015 1
18 0.55073 0.5 0.00078 1
