8 0.00817 0.5 0.00386 1
21 0.02139 0.5 0.02254 1
8 0.03598 0.5 0.0066 1
8 0.05251 0.5 0.01798 1
21 0.07731 0.5 0.03154 1
8 0.09522 0.5 0.00272 1
21 0.09774 0.5 0.00224 1
21 0.11551 0.5 0.03326 1
21 0.2542 0.5 0.24408 1
21 0.49854 0.5 0.24456 1
21 0.63185 0.5 0.0217 1
21 0.65839 0.5 0.03134 1
21 0.68667 0.5 0.00354 1
21 0.69184 0.5 0.00144 1
21 0.69502 0.5 0.0008 1
21 0.69924 0.5 0.00224 1
21 0.70897 0.5 0.01718 1
21 0.72169 0.5 0.00706 1
8 0.72709 0.5 0.0037 1
21 0.74102 0.5 0.02412 1
8 0.76277 0.5 0.01934 1
8 0.77753 0.5 0.0091 1
2 0.78809 0.5 0.01198 1
2 0.81178 0.5 0.00184 1
2 0.88063 0.5 0.12958 1
2 0.95958 0.5 0.02836 1
2 0.98173 0.5 0.01622 1
2 0.99152 0.5 0.00324 1
2 1.00902 0.5 0.03192 1
