0 0.1284 0.5 0.00676 1
8 0.13785 0.5 0.00602 1
21 0.16138 0.5 0.00888 1
21 0.29879 0.5 0.01138 1
21 0.71415 0.5 0.00138 1
21 0.72257 0.5 0.0027 1
8 0.77633 0.5 0.0149 1
21 1.01983 0.5 0.09794 1
2 0.04662 0.5 0.005 1
2 0.05094 0.5 0.00172 1
2 0.20543 0.5 0.00466 1
2 0.22777 0.5 0.00174 1
2 0.24592 0.5 0.0066 1
2 0.32624 0.5 0.00364 1
6 0.33031 0.5 0.0035 1
6 0.33283 0.5 0.0015 1
2 0.34574 0.5 0.01448 1
13 0.49397 0.5 0.00954 1
2 0.57488 0.5 0.00472 1
2 0.62837 0.5 0.00198 1
2 0.67292 0.5 0.00136 1
24 0.82679 0.5 0.00118 1
4 0.83241 0.5 0.01194 1
18 0.07152 0.5 0.00052 1
18 0.39458 0.5 0.00088 1
18 0.68622 0.5 0.00056 1
18 0.86344 0.5 0.0014 1
18 0.87099 0.5 0.0023 1
