2 0.06323 0.5 0.08666 1
2 0.11277 0.5 0.01126 1
2 0.12139 0.5 0.0063 1
6 0.32563 0.5 0.00526 1
6 0.33799 0.5 0.00482 1
2 0.39556 0.5 0.00684 1
2 0.41188 0.5 0.0076 1
2 0.42811 0.5 0.00162 1
5 0.44501 0.5 0.0019 1
16 0.45103 0.5 0.00134 1
16 0.45251 0.5 0.0017 1
2 0.66205 0.5 0.01066 1
2 0.66905 0.5 0.00234 1
2 0.67407 0.5 0.0057 1
2 0.69461 0.5 0.0047 1
24 0.72354 0.5 0.04416 1
4 0.32948 0.5 0.00156 1
4 0.35815 0.5 0.0043 1
4 0.36595 0.5 0.00106 1
4 0.67699 0.5 0.00102 1
4 0.68254 0.5 0.0112 1
4 0.69007 0.5 0.00486 1
18 0.3456 0.5 0.00084 1
18 0.49954 0.5 0.00076 1
18 0.62912 0.5 0.00084 1
18 0.74675 0.5 0.00102 1
18 0.8865 0.5 0.00104 1
