21 0.77277 0.5 0.00558 1
21 0.78922 0.5 0.02636 1
0 0.95939 0.5 0.00706 1
2 0.33086 0.5 0.00696 1
15 0.34511 0.5 0.00206 1
15 0.34666 0.5 0.00216 1
25 0.39265 0.5 0.00998 1
2 0.40088 0.5 0.00092 1
2 0.40822 0.5 0.0068 1
15 0.41348 0.5 0.00384 1
15 0.41923 0.5 0.00114 1
15 0.42171 0.5 0.00498 1
2 0.42581 0.5 0.00326 1
15 0.43243 0.5 0.0053 1
11 0.48498 0.5 0.05328 1
11 0.52672 0.5 0.02904 1
15 0.59261 0.5 0.00206 1
15 0.59416 0.5 0.00216 1
24 0.75179 0.5 0.00714 1
24 0.97932 0.5 0.01276 1
4 0.93057 0.5 0.00686 1
18 0.19548 0.5 0.0008 1
18 0.316 0.5 0.00076 1
18 0.33667 0.5 0.00078 1
18 0.45417 0.5 0.00074 1
18 0.87612 0.5 0.00096 1
