21 0.33002 0.5 0.00644 1
21 0.33612 0.5 0.00144 1
21 0.34213 0.5 0.01054 1
21 0.35595 0.5 0.0131 1
21 0.37281 0.5 0.01814 1
21 0.46649 0.5 0.1561 1
21 0.54958 0.5 0.01004 1
21 0.96816 0.5 0.01664 1
21 0.97626 0.5 0.00044 1
21 1.00171 0.5 0.05042 1
25 0.00442 0.5 0.00384 1
11 0.01428 0.5 0.00204 1
25 0.01457 0.5 0.00198 1
25 0.02184 0.5 0.00468 1
25 0.0322 0.5 0.00368 1
25 0.0422 0.5 0.004 1
25 0.05565 0.5 0.00202 1
25 0.07252 0.5 0.00448 1
25 0.1031 0.5 0.00448 1
25 0.11681 0.5 0.00202 1
25 0.13368 0.5 0.00448 1
25 0.14739 0.5 0.00202 1
25 0.16426 0.5 0.00448 1
25 0.17797 0.5 0.00202 1
25 0.19484 0.5 0.00448 1
25 0.20855 0.5 0.00202 1
25 0.22542 0.5 0.00448 1
25 0.23913 0.5 0.00202 1
25 0.256 0.5 0.00448 1
25 0.26971 0.5 0.00202 1
25 0.28634 0.5 0.004 1
25 0.29953 0.5 0.00342 1
25 0.3095 0.5 0.00372 1
25 0.55773 0.5 0.00414 1
25 0.57387 0.5 0.0037 1
25 0.58381 0.5 0.00382 1
25 0.59417 0.5 0.0035 1
25 0.60361 0.5 0.00342 1
25 0.61862 0.5 0.00376 1
25 0.6336 0.5 0.00384 1
25 0.64207 0.5 0.00282 1
25 0.65526 0.5 0.00184 1
25 0.66417 0.5 0.0037 1
25 0.67423 0.5 0.00486 1
25 0.68474 0.5 0.004 1
25 0.69788 0.5 0.00332 1
25 0.70795 0.5 0.00326 1
25 0.71776 0.5 0.004 1
25 0.7309 0.5 0.00332 1
25 0.74097 0.5 0.00326 1
25 0.75058 0.5 0.00484 1
25 0.76079 0.5 0.00462 1
25 0.784 0.5 0.00372 1
25 0.81581 0.5 0.00378 1
25 0.82551 0.5 0.0037 1
25 0.83568 0.5 0.00508 1
25 0.8462 0.5 0.004 1
25 0.86942 0.5 0.00432 1
25 0.87928 0.5 0.00408 1
25 0.88901 0.5 0.00446 1
25 0.9029 0.5 0.00304 1
25 0.91251 0.5 0.0037 1
25 0.92269 0.5 0.0039 1
25 0.93237 0.5 0.00446 1
25 0.94604 0.5 0.0036 1
25 0.95569 0.5 0.0037 1
18 0.05391 0.5 0.00086 1
18 0.06354 0.5 0.0008 1
18 0.08548 0.5 0.00284 1
18 0.09412 0.5 0.0008 1
18 0.11507 0.5 0.00086 1
18 0.1247 0.5 0.0008 1
18 0.14565 0.5 0.00086 1
18 0.15528 0.5 0.0008 1
18 0.17623 0.5 0.00086 1
18 0.18586 0.5 0.0008 1
18 0.20681 0.5 0.00086 1
18 0.21644 0.5 0.0008 1
18 0.23739 0.5 0.00086 1
18 0.24702 0.5 0.0008 1
18 0.26811 0.5 0.00114 1
18 0.2776 0.5 0.0008 1
18 0.31812 0.5 0.001 1
18 0.60955 0.5 0.00166 1
18 0.65367 0.5 0.0013 1
18 0.77422 0.5 0.00268 1
18 0.79267 0.5 0.0009 1
18 0.80559 0.5 0.00314 1
18 0.85932 0.5 0.00268 1
