8 0.06549 0.5 0.00138 1
15 0.00253 0.5 0.00314 1
15 0.00769 0.5 0.0065 1
2 0.44104 0.5 0.00204 1
2 0.50765 0.5 0.0021 1
2 0.51457 0.5 0.00238 1
2 0.52948 0.5 0.00376 1
2 0.535 0.5 0.00088 1
2 0.65504 0.5 0.00148 1
2 0.66062 0.5 0.00284 1
25 0.90402 0.5 0.00164 1
25 0.90715 0.5 0.00162 1
23 0.1984 0.5 0.0036 1
24 0.5649 0.5 0.01124 1
24 0.84571 0.5 0.00478 1
7 0.11907 0.5 0.00342 1
4 0.55646 0.5 0.00268 1
4 0.84991 0.5 0.01006 1
4 0.85791 0.5 0.00158 1
18 0.0556 0.5 0.00112 1
18 0.32024 0.5 0.00132 1
18 0.39847 0.5 0.00058 1
18 0.55438 0.5 0.00056 1
18 0.61783 0.5 0.00066 1
