21 0.33357 0.5 0.01838 1
8 0.85396 0.5 0.00792 1
8 0.87872 0.5 0.04156 1
8 0.90337 0.5 0.0077 1
13 0.03063 0.5 0.00294 1
2 0.08344 0.5 0.02728 1
11 0.10068 0.5 0.00756 1
17 0.13822 0.5 0.00296 1
2 0.18005 0.5 0.00586 1
2 0.20365 0.5 0.00202 1
2 0.20833 0.5 0.00374 1
2 0.21976 0.5 0.0018 1
2 0.22342 0.5 0.00228 1
2 0.22595 0.5 0.0025 1
2 0.24411 0.5 0.00106 1
2 0.24996 0.5 0.00788 1
2 0.2733 0.5 0.00356 1
2 0.34429 0.5 0.00302 1
2 0.34957 0.5 0.0075 1
2 0.35879 0.5 0.0037 1
15 0.42434 0.5 0.0048 1
2 0.56897 0.5 0.0083 1
2 0.59263 0.5 0.03898 1
13 0.62103 0.5 0.01066 1
12 0.73871 0.5 0.00538 1
12 0.74937 0.5 0.00226 1
24 0.05559 0.5 0.00566 1
7 0.74548 0.5 0.00268 1
4 0.15397 0.5 0.00254 1
4 0.16158 0.5 0.0024 1
4 0.62948 0.5 0.00628 1
4 0.63312 0.5 0.0016 1
18 0.26231 0.5 0.00154 1
18 0.50186 0.5 0.00124 1
18 0.84839 0.5 0.0003 1
