8 0.10938 0.5 0.01152 1
8 0.11924 0.5 0.00816 1
2 0.09983 0.5 0.00478 1
2 0.16686 0.5 0.00444 1
15 0.28007 0.5 0.01006 1
15 0.28926 0.5 0.00564 1
15 0.29306 0.5 0.00088 1
2 0.3117 0.5 0.00308 1
2 0.32933 0.5 0.0003 1
2 0.4424 0.5 0.0056 1
5 0.72024 0.5 0.00308 1
3 0.90412 0.5 0.00484 1
3 0.9247 0.5 0.02096 1
3 0.94373 0.5 0.00046 1
3 0.94703 0.5 0.00046 1
2 0.95394 0.5 0.00456 1
3 0.95514 0.5 0.0036 1
24 0.38402 0.5 0.00104 1
24 0.5309 0.5 0.01564 1
24 0.80653 0.5 0.00382 1
4 0.08811 0.5 0.00978 1
4 0.32121 0.5 0.0159 1
4 0.36371 0.5 0.04142 1
4 0.45109 0.5 0.00594 1
4 0.45885 0.5 0.00974 1
4 0.46884 0.5 0.00468 1
4 0.77741 0.5 0.00154 1
4 0.7827 0.5 0.00856 1
4 0.91021 0.5 0.00274 1
4 0.94538 0.5 0.0028 1
18 0.27388 0.5 0.00104 1
18 0.55236 0.5 0.0014 1
18 0.55453 0.5 0.00078 1
18 0.82043 0.5 0.00126 1
