21 0.00564 0.5 0.00236 1
8 0.31079 0.5 0.00798 1
8 0.36029 0.5 0.09098 1
8 0.40978 0.5 0.00796 1
8 0.62658 0.5 0.00144 1
8 0.67643 0.5 0.01318 1
8 0.68541 0.5 0.00578 1
8 0.72983 0.5 0.08194 1
8 0.77436 0.5 0.00576 1
21 0.97037 0.5 0.03194 1
21 0.99349 0.5 0.01126 1
3 0.09483 0.5 0.00526 1
3 0.16097 0.5 0.00526 1
3 0.16897 0.5 0.00514 1
2 0.2334 0.5 0.01204 1
2 0.30471 0.5 0.00414 1
2 0.41644 0.5 0.00532 1
2 0.44006 0.5 0.01644 1
25 0.51899 0.5 0.00414 1
2 0.55909 0.5 0.0075 1
2 0.60543 0.5 0.00166 1
2 0.60697 0.5 0.00138 1
11 0.91935 0.5 0.0351 1
11 0.93977 0.5 0.00582 1
4 0.08398 0.5 0.02036 1
4 0.15013 0.5 0.02034 1
4 0.19694 0.5 0.0282 1
4 0.22203 0.5 0.0039 1
18 0.03184 0.5 0.0008 1
18 0.06284 0.5 0.00064 1
18 0.12898 0.5 0.00064 1
18 0.81935 0.5 0.00162 1
18 0.87476 0.5 0.00076 1
