21 0.04596 0.5 0.03604 1
21 0.09661 0.5 0.06546 1
8 0.20266 0.5 0.09388 1
8 0.25447 0.5 0.0097 1
22 0.29554 0.5 0.00956 1
21 0.42726 0.5 0.00316 1
21 0.43031 0.5 0.00074 1
8 0.51576 0.5 0.00152 1
0 0.62645 0.5 0.00642 1
2 0.35411 0.5 0.00338 1
2 0.37375 0.5 0.01334 1
2 0.38177 0.5 0.00294 1
19 0.83264 0.5 0.00308 1
25 0.84851 0.5 0.00166 1
6 0.90909 0.5 0.00526 1
24 0.34957 0.5 0.00538 1
24 0.47096 0.5 0.01488 1
24 0.59408 0.5 0.01064 1
24 0.91487 0.5 0.00342 1
18 0.60427 0.5 0.00122 1
18 0.7596 0.5 0.0008 1
18 0.98968 0.5 0.0008 1
