8 0.0589 0.5 0.0032 1
8 0.10857 0.5 0.0961 1
8 0.15825 0.5 0.00322 1
8 0.3699 0.5 0.0148 1
8 0.38134 0.5 0.00868 1
21 0.44056 0.5 0.00252 1
12 0.16689 0.5 0.0021 1
25 0.28248 0.5 0.00364 1
16 0.83499 0.5 0.00402 1
3 0.84488 0.5 0.01572 1
16 0.85532 0.5 0.00512 1
4 0.70482 0.5 0.02824 1
4 0.71999 0.5 0.00134 1
18 0.28014 0.5 0.0008 1
18 0.34529 0.5 0.0009 1
18 0.39659 0.5 0.00074 1
18 0.40173 0.5 0.0009 1
18 0.52157 0.5 0.00086 1
18 0.74534 0.5 0.0014 1
18 0.80158 0.5 0.0014 1
18 0.9983 0.5 0.00076 1
