8 0.12043 0.5 0.04438 1
8 0.15193 0.5 0.01866 1
21 0.17705 0.5 0.03154 1
8 0.1997 0.5 0.0018 1
8 0.21009 0.5 0.01374 1
0 0.39761 0.5 0.00262 1
8 0.40274 0.5 0.00396 1
8 0.41604 0.5 0.00264 1
21 0.42018 0.5 0.00452 1
21 0.71655 0.5 0.05154 1
2 0.07668 0.5 0.0036 1
25 0.24012 0.5 0.0018 1
2 0.28821 0.5 0.00118 1
2 0.29352 0.5 0.00332 1
2 0.4599 0.5 0.00716 1
2 0.61466 0.5 0.00084 1
2 0.62167 0.5 0.00814 1
2 0.64028 0.5 0.0034 1
2 0.64414 0.5 0.00428 1
11 0.90527 0.5 0.01074 1
11 0.9323 0.5 0.00436 1
24 0.51803 0.5 0.00246 1
4 0.01005 0.5 0.00142 1
4 0.05506 0.5 0.00164 1
4 0.0721 0.5 0.00308 1
4 0.44647 0.5 0.00506 1
4 0.45292 0.5 0.00676 1
4 0.50712 0.5 0.0228 1
4 0.5245 0.5 0.01192 1
4 0.53873 0.5 0.0163 1
4 0.94099 0.5 0.0011 1
18 0.04111 0.5 0.0011 1
18 0.28932 0.5 0.00076 1
18 0.8833 0.5 0.00104 1
18 0.89057 0.5 0.00182 1
18 0.94537 0.5 0.00114 1
