8 0.08389 0.5 0.0021 1
8 0.09898 0.5 0.0008 1
0 0.62238 0.5 0.00672 1
8 0.69567 0.5 0.00486 1
0 0.703 0.5 0.00712 1
5 0.15424 0.5 0.00308 1
15 0.56485 0.5 0.0013 1
5 0.57149 0.5 0.00418 1
2 0.64305 0.5 0.00454 1
2 0.68099 0.5 0.00694 1
2 0.74735 0.5 0.0011 1
13 0.78834 0.5 0.0012 1
2 0.79304 0.5 0.00448 1
15 0.89525 0.5 0.0007 1
5 0.90087 0.5 0.00522 1
5 0.91103 0.5 0.0077 1
5 0.92142 0.5 0.00452 1
24 0.03863 0.5 0.0145 1
4 0.21442 0.5 0.00416 1
4 0.22552 0.5 0.00224 1
4 0.24977 0.5 0.00314 1
4 0.26069 0.5 0.00678 1
4 0.44989 0.5 0.00458 1
4 0.45386 0.5 0.0036 1
4 0.4556 0.5 0.00096 1
4 0.92762 0.5 0.00416 1
18 0.67186 0.5 0.00164 1
18 0.71221 0.5 0.00082 1
18 0.7851 0.5 0.00068 1
18 0.9332 0.5 0.001 1
