21 0.11983 0.5 0.09794 1
21 0.1698 0.5 0.00196 1
21 0.17445 0.5 0.00506 1
21 0.18699 0.5 0.00962 1
21 0.21017 0.5 0.03202 1
21 0.22983 0.5 0.00594 1
8 0.47007 0.5 0.03494 1
8 0.50446 0.5 0.02684 1
8 0.53307 0.5 0.01886 1
5 0.32079 0.5 0.00314 1
2 0.54792 0.5 0.00212 1
6 0.65056 0.5 0.0008 1
2 0.70361 0.5 0.00418 1
2 0.70905 0.5 0.00186 1
2 0.80852 0.5 0.01132 1
2 0.84677 0.5 0.00662 1
2 0.99983 0.5 0.00478 1
24 0.27539 0.5 0.00418 1
24 0.29988 0.5 0.02396 1
24 0.3152 0.5 0.00208 1
24 0.38391 0.5 0.00106 1
24 0.6734 0.5 0.00288 1
23 0.75005 0.5 0.0065 1
24 0.82783 0.5 0.02774 1
4 0.37442 0.5 0.00236 1
4 0.37627 0.5 0.0013 1
4 0.40073 0.5 0.03438 1
4 0.41838 0.5 0.00116 1
4 0.98811 0.5 0.00978 1
18 0.32326 0.5 0.00108 1
18 0.65204 0.5 0.00104 1
