8 0.76516 0.5 0.00192 1
2 0.03624 0.5 0.01356 1
25 0.06027 0.5 0.00278 1
11 0.20819 0.5 0.00094 1
11 0.20851 0.5 0.00078 1
2 0.50155 0.5 0.07102 1
2 0.55443 0.5 0.03518 1
2 0.57626 0.5 0.00104 1
2 0.58558 0.5 0.00544 1
2 0.62214 0.5 0.00176 1
2 0.73912 0.5 0.0036 1
25 0.81399 0.5 0.00622 1
25 0.86557 0.5 0.00382 1
25 0.86803 0.5 0.00122 1
25 0.87591 0.5 0.00754 1
15 0.88445 0.5 0.00358 1
17 0.94441 0.5 0.00246 1
12 0.97535 0.5 0.01058 1
1 0.34443 0.5 0.00594 1
4 0.69478 0.5 0.00704 1
4 0.6988 0.5 0.00076 1
4 0.82569 0.5 0.01714 1
4 0.83812 0.5 0.00864 1
4 0.85197 0.5 0.01542 1
18 0.65123 0.5 0.00054 1
