21 0.10479 0.5 0.01006 1
21 0.111 0.5 0.00232 1
21 0.1249 0.5 0.01728 1
21 0.15107 0.5 0.0263 1
21 0.16871 0.5 0.0033 1
21 0.17877 0.5 0.00262 1
21 0.21528 0.5 0.01032 1
21 0.74345 0.5 0.0323 1
8 0.79171 0.5 0.01214 1
21 0.80606 0.5 0.01676 1
21 0.95629 0.5 0.0037 1
21 0.96189 0.5 0.00838 1
21 0.96787 0.5 0.00206 1
21 0.98331 0.5 0.02878 1
15 0.05603 0.5 0.0119 1
25 0.27656 0.5 0.00908 1
25 0.3043 0.5 0.01028 1
25 0.31476 0.5 0.01072 1
15 0.32215 0.5 0.00398 1
25 0.47209 0.5 0.00354 1
6 0.57304 0.5 0.00416 1
2 0.67091 0.5 0.04826 1
5 0.70954 0.5 0.00364 1
2 0.71833 0.5 0.00974 1
2 0.72551 0.5 0.00342 1
2 0.82078 0.5 0.01264 1
2 0.83792 0.5 0.0218 1
2 0.85801 0.5 0.00306 1
15 0.86237 0.5 0.0043 1
2 0.87142 0.5 0.01376 1
2 0.88862 0.5 0.02088 1
5 0.90691 0.5 0.00446 1
2 0.92251 0.5 0.0265 1
24 0.2567 0.5 0.00252 1
24 0.36228 0.5 0.01256 1
24 0.38458 0.5 0.01596 1
24 0.39768 0.5 0.00272 1
24 0.41647 0.5 0.02682 1
4 0.29802 0.5 0.00224 1
18 0.63399 0.5 0.00094 1
18 0.77545 0.5 0.0015 1
18 0.8516 0.5 0.00168 1
