8 0.08071 0.5 0.00186 1
8 0.09166 0.5 0.02 1
21 0.10566 0.5 0.0064 1
21 0.13229 0.5 0.04722 1
8 0.16288 0.5 0.01272 1
8 0.1705 0.5 0.00248 1
8 0.17714 0.5 0.01076 1
8 0.20466 0.5 0.04424 1
8 0.23217 0.5 0.01074 1
8 0.23814 0.5 0.00116 1
8 0.244 0.5 0.00696 1
8 0.2483 0.5 0.00096 1
8 0.2585 0.5 0.01704 1
8 0.26813 0.5 0.00218 1
8 0.2765 0.5 0.00572 1
8 0.28384 0.5 0.00792 1
8 0.28962 0.5 0.0036 1
8 0.31955 0.5 0.0527 1
8 0.34721 0.5 0.00186 1
3 0.06155 0.5 0.00094 1
17 0.49763 0.5 0.00114 1
6 0.83488 0.5 0.00476 1
13 0.83815 0.5 0.00134 1
2 0.84079 0.5 0.0007 1
18 0.38369 0.5 0.00062 1
18 0.49407 0.5 0.00082 1
18 0.83001 0.5 0.00086 1
