21 0.07106 0.5 0.01364 1
21 0.07961 0.5 0.00366 1
21 0.09308 0.5 0.02404 1
21 0.1096 0.5 0.00464 1
21 0.1304 0.5 0.00368 1
21 0.13838 0.5 0.01264 1
21 0.16195 0.5 0.03362 1
21 0.19541 0.5 0.03318 1
21 0.24452 0.5 0.0652 1
8 0.30994 0.5 0.06564 1
21 0.34564 0.5 0.00532 1
8 0.35018 0.5 0.00372 1
21 0.3715 0.5 0.03656 1
21 0.39325 0.5 0.00714 1
8 0.44908 0.5 0.00608 1
21 0.62469 0.5 0.04058 1
8 1.02043 0.5 0.04438 1
2 0.40001 0.5 0.00274 1
2 0.42097 0.5 0.03914 1
2 0.45986 0.5 0.0022 1
2 0.49009 0.5 0.0023 1
2 0.49448 0.5 0.00192 1
2 0.50693 0.5 0.0231 1
11 0.59607 0.5 0.00474 1
11 0.60212 0.5 0.00192 1
11 0.65055 0.5 0.01082 1
11 0.66701 0.5 0.01846 1
11 0.68274 0.5 0.00508 1
11 0.69514 0.5 0.00412 1
11 0.71878 0.5 0.00412 1
2 0.97668 0.5 0.0036 1
24 0.51975 0.5 0.00114 1
24 0.56127 0.5 0.06462 1
24 0.73925 0.5 0.0113 1
4 0.74615 0.5 0.00214 1
4 0.77174 0.5 0.0066 1
4 0.78572 0.5 0.01368 1
4 0.79873 0.5 0.00378 1
4 0.91005 0.5 0.00142 1
4 0.95506 0.5 0.00164 1
4 0.9721 0.5 0.00308 1
18 0.45715 0.5 0.00078 1
18 0.94111 0.5 0.0011 1
