8 0.0306 0.5 0.00932 1
8 0.04334 0.5 0.01612 1
21 0.19566 0.5 0.0234 1
21 0.21588 0.5 0.017 1
21 0.22772 0.5 0.00536 1
21 0.23204 0.5 0.00104 1
21 0.26419 0.5 0.06038 1
21 0.30643 0.5 0.02406 1
21 0.44786 0.5 0.03064 1
21 0.46919 0.5 0.01322 1
21 0.48757 0.5 0.02346 1
21 0.52514 0.5 0.05164 1
21 0.56241 0.5 0.02354 1
21 0.57966 0.5 0.01012 1
21 0.60102 0.5 0.03256 1
21 0.61943 0.5 0.00422 1
21 0.64028 0.5 0.00312 1
21 0.65124 0.5 0.00868 1
21 0.67475 0.5 0.00162 1
21 0.67658 0.5 0.0022 1
21 0.68091 0.5 0.00762 1
21 0.69099 0.5 0.00146 1
21 0.69198 0.5 0.00052 1
21 0.693 0.5 0.0014 1
21 0.69554 0.5 0.00232 1
21 0.90216 0.5 0.0194 1
2 0.06472 0.5 0.00452 1
2 0.07222 0.5 0.00572 1
11 0.10887 0.5 0.00842 1
11 0.14561 0.5 0.0433 1
11 0.1755 0.5 0.01656 1
11 0.3247 0.5 0.01228 1
11 0.33299 0.5 0.00434 1
11 0.37223 0.5 0.06342 1
11 0.41147 0.5 0.00766 1
25 0.68751 0.5 0.00554 1
11 0.70652 0.5 0.01856 1
11 0.71817 0.5 0.00466 1
11 0.72721 0.5 0.00366 1
11 0.73407 0.5 0.00698 1
2 0.73936 0.5 0.00356 1
2 0.76358 0.5 0.00788 1
2 0.76943 0.5 0.00106 1
2 0.78749 0.5 0.0025 1
11 0.79509 0.5 0.01078 1
11 0.8044 0.5 0.00348 1
11 0.82909 0.5 0.02174 1
11 0.84143 0.5 0.00278 1
11 0.8464 0.5 0.0076 1
11 0.86761 0.5 0.03542 1
11 0.91696 0.5 0.0086 1
24 0.8879 0.5 0.00404 1
4 0.92563 0.5 0.00818 1
4 1.04171 0.5 0.22278 1
