21 0.18471 0.5 0.00174 1
8 0.21949 0.5 0.0707 1
8 0.26113 0.5 0.00254 1
8 0.27229 0.5 0.01302 1
8 0.4917 0.5 0.00872 1
8 0.49968 0.5 0.00192 1
8 0.50378 0.5 0.00616 1
2 0.32278 0.5 0.00168 1
2 0.32868 0.5 0.00188 1
2 0.33266 0.5 0.00236 1
2 0.3351 0.5 0.0022 1
2 0.34029 0.5 0.00098 1
11 0.37046 0.5 0.00472 1
2 0.37585 0.5 0.00198 1
2 0.38729 0.5 0.00546 1
25 0.39577 0.5 0.00518 1
25 0.40436 0.5 0.01028 1
15 0.53522 0.5 0.03544 1
15 0.56275 0.5 0.01706 1
2 0.74662 0.5 0.00328 1
2 0.77224 0.5 0.00184 1
2 0.7802 0.5 0.00248 1
2 0.96354 0.5 0.24788 1
24 0.7057 0.5 0.00812 1
4 0.79902 0.5 0.01872 1
18 0.28361 0.5 0.00086 1
18 0.3154 0.5 0.0024 1
18 0.36342 0.5 0.00052 1
18 0.36711 0.5 0.00154 1
18 0.38328 0.5 0.00216 1
18 0.60385 0.5 0.00098 1
18 0.74043 0.5 0.00086 1
18 0.7771 0.5 0.00064 1
