13 0.04485 0.5 0.00666 1
15 0.22286 0.5 0.00668 1
15 0.2383 0.5 0.0026 1
2 0.33418 0.5 0.0014 1
2 0.46127 0.5 0.00226 1
2 0.47026 0.5 0.00884 1
2 0.47543 0.5 0.0045 1
2 0.47347 0.5 0.00042 1
2 0.63837 0.5 0.00142 1
24 0.39528 0.5 0.00584 1
24 0.40475 0.5 0.00962 1
24 0.41261 0.5 0.00122 1
24 0.44988 0.5 0.00936 1
4 0.10813 0.5 0.00134 1
4 0.23543 0.5 0.0073 1
4 0.3858 0.5 0.00512 1
4 0.38958 0.5 0.00248 1
4 0.39167 0.5 0.00162 1
4 0.41503 0.5 0.00342 1
4 0.42034 0.5 0.00456 1
4 0.45809 0.5 0.00414 1
4 0.46783 0.5 0.01082 1
4 0.481 0.5 0.0068 1
4 0.48538 0.5 0.002 1
18 0.51909 0.5 0.00058 1
18 0.89271 0.5 0.00078 1
