21 0.49487 0.5 0.00094 1
8 0.57556 0.5 0.00144 1
3 0.3327 0.5 0.02128 1
2 0.35024 0.5 0.00612 1
2 0.35166 0.5 0.00608 1
25 0.62296 0.5 0.00196 1
24 0.43262 0.5 0.00352 1
24 0.49357 0.5 0.00162 1
24 0.67712 0.5 0.001 1
1 0.78527 0.5 0.00402 1
18 0.11828 0.5 0.00076 1
18 0.13027 0.5 0.00074 1
18 0.25043 0.5 0.0007 1
18 0.2556 0.5 0.0002 1
18 0.26897 0.5 0.00122 1
18 0.28811 0.5 0.00138 1
18 0.31378 0.5 0.0006 1
18 0.38204 0.5 0.00068 1
18 0.54598 0.5 0.00092 1
18 0.73225 0.5 0.00102 1
18 0.78159 0.5 0.00102 1
