21 0.05806 0.5 0.01712 1
21 0.06944 0.5 0.0068 1
21 0.08186 0.5 0.01644 1
21 0.09407 0.5 0.00794 1
21 0.10027 0.5 0.00158 1
21 0.11189 0.5 0.01914 1
21 0.13251 0.5 0.02326 1
8 0.35537 0.5 0.00478 1
21 0.38067 0.5 0.00154 1
8 0.41566 0.5 0.07116 1
8 0.46608 0.5 0.01892 1
21 0.50994 0.5 0.03508 1
21 0.66886 0.5 0.02272 1
21 0.8392 0.5 0.00064 1
21 0.84003 0.5 0.00122 1
21 0.91413 0.5 0.02278 1
21 0.93925 0.5 0.02742 1
21 0.95909 0.5 0.01222 1
21 0.96996 0.5 0.0094 1
21 0.98105 0.5 0.0131 1
21 0.99171 0.5 0.00142 1
2 0.19726 0.5 0.00256 1
13 0.64611 0.5 0.0013 1
2 0.78545 0.5 0.00362 1
2 0.81594 0.5 0.00852 1
24 0.23493 0.5 0.0031 1
24 0.3389 0.5 0.00156 1
24 0.56527 0.5 0.06894 1
24 0.60473 0.5 0.00218 1
24 0.61736 0.5 0.01304 1
24 0.65699 0.5 0.00098 1
24 0.72921 0.5 0.09794 1
24 0.79939 0.5 0.02398 1
4 0.65538 0.5 0.00252 1
4 0.78094 0.5 0.00528 1
4 0.82246 0.5 0.00448 1
4 0.87246 0.5 0.0294 1
4 0.88831 0.5 0.00238 1
4 0.90231 0.5 0.00178 1
18 0.32467 0.5 0.00118 1
