8 0.49708 0.5 0.00528 1
21 0.53351 0.5 0.02414 1
21 0.55355 0.5 0.0167 1
21 0.56746 0.5 0.00872 1
21 0.5757 0.5 0.00772 1
21 0.59104 0.5 0.02368 1
21 0.63889 0.5 0.0007 1
21 0.64328 0.5 0.003 1
21 0.65902 0.5 0.02396 1
21 0.68289 0.5 0.02374 1
8 0.70023 0.5 0.00658 1
8 0.72301 0.5 0.01726 1
8 0.73323 0.5 0.00178 1
8 0.7573 0.5 0.00344 1
8 0.76718 0.5 0.00204 1
8 0.77391 0.5 0.00354 1
8 0.88608 0.5 0.00288 1
8 0.90522 0.5 0.01776 1
8 0.91477 0.5 0.00258 1
8 0.96899 0.5 0.0013 1
8 0.9961 0.5 0.0078 1
2 0.24319 0.5 0.00422 1
2 0.35082 0.5 0.00088 1
2 0.35634 0.5 0.00376 1
2 0.37158 0.5 0.00128 1
2 0.37899 0.5 0.00414 1
2 0.44511 0.5 0.00202 1
2 0.95464 0.5 0.00088 1
24 0.93472 0.5 0.0016 1
4 0.93651 0.5 0.00362 1
4 0.94049 0.5 0.00458 1
18 0.26889 0.5 0.00058 1
18 0.33015 0.5 0.0007 1
18 0.6197 0.5 0.00088 1
18 0.78082 0.5 0.0008 1
18 0.81782 0.5 0.00096 1
18 0.95163 0.5 0.00142 1
