21 0.43031 0.5 0.00134 1
21 0.44018 0.5 0.00088 1
8 0.92431 0.5 0.0037 1
8 0.93562 0.5 0.00516 1
8 0.97661 0.5 0.00678 1
8 0.99373 0.5 0.02742 1
2 0.43396 0.5 0.00236 1
15 0.47274 0.5 0.00924 1
25 0.63662 0.5 0.00696 1
5 0.65142 0.5 0.00864 1
5 0.66177 0.5 0.00194 1
25 0.76742 0.5 0.00488 1
2 0.77463 0.5 0.00198 1
15 0.78635 0.5 0.0205 1
25 0.80887 0.5 0.0049 1
2 0.81331 0.5 0.00286 1
2 0.81639 0.5 0.00194 1
15 0.83209 0.5 0.02818 1
15 0.91542 0.5 0.00236 1
4 0.84802 0.5 0.00224 1
4 0.85181 0.5 0.00146 1
18 0.69791 0.5 0.00062 1
