21 0.39556 0.5 0.01508 1
21 0.45281 0.5 0.09938 1
21 0.91352 0.5 0.24704 1
11 0.02535 0.5 0.00662 1
25 0.03754 0.5 0.00588 1
25 0.04875 0.5 0.0037 1
25 0.05883 0.5 0.00422 1
25 0.06909 0.5 0.00394 1
25 0.07921 0.5 0.00398 1
25 0.08898 0.5 0.0046 1
25 0.10616 0.5 0.00368 1
25 0.14068 0.5 0.00644 1
25 0.15174 0.5 0.00344 1
25 0.16053 0.5 0.00374 1
11 0.25741 0.5 0.18126 1
25 0.36988 0.5 0.00212 1
25 0.37906 0.5 0.00356 1
25 0.51115 0.5 0.00666 1
25 0.5222 0.5 0.003 1
25 0.54263 0.5 0.00666 1
25 0.55368 0.5 0.003 1
25 0.57584 0.5 0.00312 1
25 0.5856 0.5 0.00388 1
25 0.60259 0.5 0.00422 1
25 0.61588 0.5 0.00284 1
25 0.62552 0.5 0.00388 1
25 0.64271 0.5 0.00462 1
25 0.6562 0.5 0.00284 1
25 0.66584 0.5 0.00388 1
25 0.68283 0.5 0.00422 1
25 0.69612 0.5 0.00284 1
25 0.70576 0.5 0.00388 1
25 0.72275 0.5 0.00422 1
25 0.73604 0.5 0.00284 1
25 0.74568 0.5 0.00388 1
25 0.76267 0.5 0.00422 1
25 0.77606 0.5 0.00308 1
25 0.78562 0.5 0.00372 1
18 0.11504 0.5 0.00124 1
18 0.35334 0.5 0.00084 1
18 0.36817 0.5 0.00118 1
18 0.59378 0.5 0.00088 1
18 0.6337 0.5 0.00088 1
18 0.67402 0.5 0.00088 1
18 0.71394 0.5 0.00088 1
18 0.75386 0.5 0.00088 1
