8 0.98071 0.5 0.00186 1
8 0.99166 0.5 0.02 1
15 0.12675 0.5 0.0021 1
5 0.39045 0.5 0.00218 1
5 0.39594 0.5 0.00748 1
15 0.41303 0.5 0.01266 1
15 0.55445 0.5 0.00778 1
25 0.55654 0.5 0.00908 1
5 0.69376 0.5 0.01148 1
3 0.69727 0.5 0.00494 1
17 0.76795 0.5 0.00694 1
3 0.96155 0.5 0.00094 1
24 0.32694 0.5 0.00364 1
24 0.73528 0.5 0.00664 1
4 0.1944 0.5 0.01136 1
4 0.21801 0.5 0.0045 1
4 0.22893 0.5 0.01734 1
4 0.24719 0.5 0.02034 1
4 0.26055 0.5 0.00366 1
18 0.09942 0.5 0.001 1
18 0.11104 0.5 0.00056 1
18 0.11432 0.5 0.00072 1
18 0.16055 0.5 0.00074 1
18 0.35662 0.5 0.00088 1
18 0.60054 0.5 0.00124 1
