8 0.04169 0.5 0.01178 1
8 0.05789 0.5 0.01298 1
21 0.2414 0.5 0.0966 1
21 0.29488 0.5 0.01032 1
8 0.48478 0.5 0.0026 1
21 0.80278 0.5 0.00688 1
21 0.80873 0.5 0.00134 1
21 0.86507 0.5 0.1113 1
21 1.0426 0.5 0.24364 1
2 0.08099 0.5 0.0217 1
11 0.13146 0.5 0.07904 1
2 0.17385 0.5 0.00158 1
25 0.45616 0.5 0.0066 1
15 0.76032 0.5 0.0016 1
15 0.7636 0.5 0.00492 1
2 0.77297 0.5 0.01378 1
2 0.78184 0.5 0.00236 1
24 0.31057 0.5 0.00362 1
4 0.33856 0.5 0.00276 1
4 0.75586 0.5 0.00252 1
4 0.78965 0.5 0.0129 1
18 0.3764 0.5 0.00068 1
18 0.64171 0.5 0.0013 1
