21 0.00335 0.5 0.00182 1
21 0.00768 0.5 0.00216 1
21 0.02513 0.5 0.0221 1
21 0.03973 0.5 0.00134 1
21 0.05254 0.5 0.01028 1
21 0.05971 0.5 0.00402 1
21 0.09504 0.5 0.06676 1
21 0.13351 0.5 0.01014 1
21 0.14325 0.5 0.0093 1
21 0.64761 0.5 0.03526 1
21 0.69496 0.5 0.05928 1
21 0.74165 0.5 0.03406 1
21 0.90796 0.5 0.00284 1
21 0.92117 0.5 0.02326 1
21 0.9383 0.5 0.01104 1
21 0.9555 0.5 0.02332 1
21 0.97236 0.5 0.01036 1
21 0.97831 0.5 0.00286 1
21 0.98704 0.5 0.01436 1
21 1.00484 0.5 0.02088 1
12 0.24118 0.5 0.00416 1
12 0.24823 0.5 0.00978 1
2 0.46754 0.5 0.10504 1
3 0.5486 0.5 0.0096 1
2 0.55484 0.5 0.00284 1
2 0.57521 0.5 0.03826 1
2 0.59549 0.5 0.0019 1
2 0.62016 0.5 0.0196 1
2 0.76045 0.5 0.0035 1
2 0.76262 0.5 0.00116 1
15 0.76556 0.5 0.00452 1
25 0.79798 0.5 0.0032 1
24 0.19362 0.5 0.0024 1
24 0.53872 0.5 0.002 1
4 0.52619 0.5 0.01146 1
4 0.53803 0.5 0.0029 1
4 0.76821 0.5 0.00074 1
4 0.87409 0.5 0.00182 1
4 0.88962 0.5 0.00536 1
18 0.00056 0.5 0.00064 1
18 0.16299 0.5 0.0009 1
18 0.17584 0.5 0.00088 1
18 0.60411 0.5 0.00166 1
