8 0.61788 0.5 0.00544 1
8 0.66241 0.5 0.08358 1
8 0.70693 0.5 0.00542 1
21 0.71118 0.5 0.00104 1
21 0.71226 0.5 0.00232 1
21 0.78089 0.5 0.00378 1
8 0.98525 0.5 0.0089 1
8 1.04127 0.5 0.1031 1
15 0.04562 0.5 0.00356 1
2 0.05123 0.5 0.00762 1
2 0.0805 0.5 0.00328 1
2 0.0808 0.5 0.00276 1
15 0.10297 0.5 0.00378 1
6 0.17703 0.5 0.0011 1
15 0.22734 0.5 0.00764 1
13 0.37892 0.5 0.001 1
2 0.51399 0.5 0.0055 1
25 0.766 0.5 0.00232 1
25 0.76842 0.5 0.00156 1
5 0.77416 0.5 0.00288 1
5 0.82583 0.5 0.00058 1
2 0.8471 0.5 0.00192 1
24 0.11147 0.5 0.0039 1
24 0.13595 0.5 0.01474 1
24 0.29371 0.5 0.00402 1
24 0.32267 0.5 0.00134 1
24 0.34073 0.5 0.0073 1
24 0.3845 0.5 0.0054 1
24 0.43803 0.5 0.00662 1
4 0.22483 0.5 0.00354 1
4 0.30124 0.5 0.00068 1
4 0.31327 0.5 0.01954 1
18 0.0419 0.5 0.00044 1
18 0.04283 0.5 0.00026 1
18 0.18065 0.5 0.00054 1
18 0.39297 0.5 0.00102 1
18 0.50797 0.5 0.00066 1
18 0.5229 0.5 0.00288 1
18 0.77607 0.5 0.00086 1
