21 0.71014 0.5 0.02328 1
21 0.73408 0.5 0.02312 1
21 0.80032 0.5 0.10984 1
21 0.86511 0.5 0.01982 1
8 0.97937 0.5 0.00654 1
8 1.00098 0.5 0.03412 1
6 0.06341 0.5 0.00494 1
5 0.07054 0.5 0.00876 1
2 0.1022 0.5 0.00476 1
2 0.10734 0.5 0.00528 1
2 0.1568 0.5 0.00724 1
2 0.16396 0.5 0.00716 1
2 0.35891 0.5 0.0327 1
2 0.38534 0.5 0.00372 1
2 0.38911 0.5 0.00378 1
2 0.40286 0.5 0.00272 1
2 0.4059 0.5 0.00036 1
2 0.4076 0.5 0.003 1
2 0.41045 0.5 0.00266 1
2 0.41659 0.5 0.00982 1
2 0.42594 0.5 0.00328 1
2 0.43106 0.5 0.00384 1
2 0.43351 0.5 0.00102 1
2 0.43645 0.5 0.00454 1
6 0.44093 0.5 0.00166 1
6 0.44388 0.5 0.0042 1
11 0.58238 0.5 0.00384 1
11 0.58476 0.5 0.00088 1
2 0.61329 0.5 0.00434 1
2 0.62277 0.5 0.01354 1
2 0.6732 0.5 0.00804 1
2 0.68014 0.5 0.00572 1
2 0.69574 0.5 0.005 1
2 0.87921 0.5 0.00834 1
24 0.94816 0.5 0.00244 1
4 0.0604 0.5 0.00104 1
4 0.08257 0.5 0.0155 1
4 0.3269 0.5 0.01368 1
4 0.33967 0.5 0.00382 1
18 0.17724 0.5 0.00068 1
18 0.2914 0.5 0.0006 1
18 0.33412 0.5 0.00072 1
18 0.63427 0.5 0.00102 1
18 0.65313 0.5 0.00082 1
18 0.90224 0.5 0.00096 1
