21 0.30433 0.5 0.04598 1
21 0.32986 0.5 0.00496 1
21 0.3401 0.5 0.01548 1
21 0.3566 0.5 0.01776 1
21 0.3969 0.5 0.06288 1
21 0.44153 0.5 0.02634 1
21 0.50524 0.5 0.10112 1
21 0.56873 0.5 0.02634 1
21 0.60115 0.5 0.03846 1
21 0.63284 0.5 0.0254 1
21 0.6584 0.5 0.02524 1
21 0.69162 0.5 0.04116 1
21 0.73242 0.5 0.0404 1
21 0.76198 0.5 0.01868 1
21 0.7911 0.5 0.0404 1
21 0.85887 0.5 0.0951 1
21 0.90752 0.5 0.00296 1
21 0.91113 0.5 0.00426 1
21 0.91817 0.5 0.00978 1
21 0.92444 0.5 0.00256 1
21 0.93862 0.5 0.02572 1
21 1.00188 0.5 0.10128 1
18 0.0776 0.5 0.00148 1
