8 0.0206 0.5 0.01016 1
21 0.11529 0.5 0.01262 1
21 0.19147 0.5 0.06974 1
21 0.24431 0.5 0.03378 1
21 0.26465 0.5 0.00382 1
21 0.28419 0.5 0.01634 1
21 0.30265 0.5 0.00378 1
21 0.32535 0.5 0.0331 1
21 0.35449 0.5 0.02514 1
21 0.38736 0.5 0.04056 1
21 0.41183 0.5 0.00834 1
21 0.51698 0.5 0.11624 1
21 0.57609 0.5 0.00238 1
21 0.57898 0.5 0.00424 1
21 0.59772 0.5 0.03308 1
21 0.62398 0.5 0.0194 1
21 0.64749 0.5 0.02846 1
21 0.66203 0.5 0.00114 1
21 0.66998 0.5 0.01488 1
21 0.6826 0.5 0.01032 1
21 0.93933 0.5 0.02878 1
8 0.9533 0.5 0.00476 1
21 0.95498 0.5 0.00148 1
8 0.96019 0.5 0.0089 1
21 0.98249 0.5 0.03558 1
21 1.05157 0.5 0.10366 1
2 0.05583 0.5 0.00114 1
2 0.0613 0.5 0.01116 1
2 0.14175 0.5 0.00742 1
15 0.14646 0.5 0.00196 1
2 0.43401 0.5 0.00786 1
25 0.4409 0.5 0.00588 1
25 0.45105 0.5 0.0059 1
2 0.69613 0.5 0.00474 1
2 0.69957 0.5 0.0017 1
2 0.70432 0.5 0.00776 1
2 0.70862 0.5 0.0008 1
15 0.83617 0.5 0.00322 1
12 0.84673 0.5 0.00626 1
2 0.86304 0.5 0.02616 1
24 0.08816 0.5 0.00524 1
24 0.91787 0.5 0.01398 1
4 0.07786 0.5 0.00776 1
4 0.15059 0.5 0.00298 1
4 0.71526 0.5 0.01408 1
4 0.72253 0.5 0.00106 1
4 0.73466 0.5 0.01772 1
18 0.08255 0.5 0.00106 1
18 0.42519 0.5 0.00122 1
18 0.77778 0.5 0.00076 1
