8 0.07255 0.5 0.00122 1
8 0.16169 0.5 0.00142 1
21 0.19567 0.5 0.00174 1
21 0.20058 0.5 0.00676 1
0 0.60655 0.5 0.0061 1
8 0.75814 0.5 0.00372 1
8 0.76768 0.5 0.00144 1
2 0.0351 0.5 0.0046 1
2 0.16792 0.5 0.00252 1
25 0.76348 0.5 0.00692 1
2 0.88975 0.5 0.00594 1
2 0.89286 0.5 0.0022 1
2 0.89528 0.5 0.00284 1
2 0.90396 0.5 0.00288 1
15 0.90625 0.5 0.00166 1
24 0.41492 0.5 0.00144 1
24 0.85532 0.5 0.0028 1
4 0.03178 0.5 0.00184 1
4 0.09143 0.5 0.00126 1
4 0.10277 0.5 0.01906 1
4 0.87701 0.5 0.01902 1
4 0.89222 0.5 0.00136 1
18 0.61919 0.5 0.00074 1
18 0.67739 0.5 0.0007 1
18 0.86484 0.5 0.0006 1
18 0.97547 0.5 0.00062 1
