21 0.02289 0.5 0.0061 1
21 0.03224 0.5 0.01352 1
21 0.04865 0.5 0.01926 1
21 0.15029 0.5 0.18438 1
21 0.25477 0.5 0.02454 1
21 0.27805 0.5 0.0219 1
21 0.30422 0.5 0.0304 1
21 0.31992 0.5 0.00096 1
21 0.32232 0.5 0.00168 1
21 0.36422 0.5 0.07992 1
21 0.42023 0.5 0.03206 1
21 0.47994 0.5 0.08728 1
21 0.54132 0.5 0.03544 1
21 0.55927 0.5 0.00066 1
21 0.5646 0.5 0.00996 1
21 0.57002 0.5 0.001 1
21 0.6142 0.5 0.08752 1
21 0.66513 0.5 0.0143 1
21 0.67274 0.5 0.00088 1
21 0.6802 0.5 0.0142 1
21 0.70206 0.5 0.02444 1
21 0.72508 0.5 0.02156 1
21 0.75071 0.5 0.02754 1
21 0.7714 0.5 0.01324 1
21 0.79035 0.5 0.01554 1
21 0.89302 0.5 0.03256 1
24 0.81731 0.5 0.01882 1
4 0.85196 0.5 0.04952 1
4 0.96992 0.5 0.1212 1
