21 0.4295 0.5 0.0098 1
21 0.49092 0.5 0.11352 1
21 0.55107 0.5 0.00542 1
21 0.56525 0.5 0.0229 1
8 0.58215 0.5 0.0071 1
8 0.65958 0.5 0.0002 1
21 0.6765 0.5 0.0336 1
21 0.71463 0.5 0.04262 1
21 0.74586 0.5 0.01984 1
21 0.83486 0.5 0.15804 1
21 0.94811 0.5 0.00338 1
21 0.96255 0.5 0.01854 1
21 0.97553 0.5 0.0071 1
21 0.99657 0.5 0.0349 1
2 0.04743 0.5 0.03386 1
2 0.10272 0.5 0.00224 1
2 0.11469 0.5 0.00338 1
2 0.20642 0.5 0.0036 1
2 0.92408 0.5 0.00504 1
2 0.93205 0.5 0.01118 1
24 0.18366 0.5 0.04176 1
24 0.59405 0.5 0.0125 1
4 0.09458 0.5 0.014 1
4 0.27256 0.5 0.12744 1
4 0.36251 0.5 0.05202 1
4 0.40675 0.5 0.03574 1
18 0.62366 0.5 0.00064 1
18 0.62969 0.5 0.00066 1
