21 0.19662 0.5 0.0016 1
21 0.22319 0.5 0.01382 1
21 0.23255 0.5 0.00458 1
21 0.25018 0.5 0.024 1
21 0.26595 0.5 0.00766 1
21 0.32011 0.5 0.1013 1
21 0.3836 0.5 0.02572 1
21 0.52839 0.5 0.03682 1
8 0.5579 0.5 0.00224 1
2 0.17582 0.5 0.00536 1
2 0.18759 0.5 0.00554 1
11 0.4159 0.5 0.00536 1
11 0.42536 0.5 0.0126 1
11 0.44341 0.5 0.02046 1
11 0.46426 0.5 0.01312 1
11 0.47863 0.5 0.0143 1
11 0.50583 0.5 0.00358 1
15 0.58575 0.5 0.00146 1
2 0.80756 0.5 0.02 1
5 0.82618 0.5 0.0148 1
5 0.94241 0.5 0.00318 1
10 0.96905 0.5 0.0449 1
24 0.8845 0.5 0.10256 1
24 0.93689 0.5 0.00206 1
18 0.59513 0.5 0.00186 1
