21 0.08744 0.5 0.03624 1
8 0.16979 0.5 0.0265 1
8 0.22794 0.5 0.08976 1
21 0.28974 0.5 0.03244 1
8 0.30998 0.5 0.008 1
8 0.32745 0.5 0.02674 1
8 0.37933 0.5 0.00982 1
8 0.39346 0.5 0.0184 1
8 0.42775 0.5 0.05014 1
8 0.45775 0.5 0.00982 1
8 0.47803 0.5 0.02042 1
8 0.54934 0.5 0.00376 1
21 0.56681 0.5 0.00202 1
21 0.57302 0.5 0.005 1
21 0.59856 0.5 0.02968 1
21 0.61568 0.5 0.00452 1
21 0.62446 0.5 0.012 1
21 0.63197 0.5 0.00346 1
21 0.63573 0.5 0.00402 1
21 0.64245 0.5 0.00918 1
21 0.665 0.5 0.00436 1
21 0.66986 0.5 0.0046 1
21 0.98883 0.5 0.02622 1
25 0.15527 0.5 0.0011 1
25 0.46339 0.5 0.00134 1
25 0.52397 0.5 0.0075 1
5 0.55264 0.5 0.00176 1
15 0.65919 0.5 0.00366 1
2 0.71414 0.5 0.006 1
2 0.73295 0.5 0.01314 1
2 0.74355 0.5 0.0081 1
2 0.93531 0.5 0.0015 1
24 0.89224 0.5 0.0038 1
4 0.05566 0.5 0.02728 1
4 0.10751 0.5 0.00386 1
4 0.11709 0.5 0.01302 1
4 0.13531 0.5 0.02338 1
4 0.8696 0.5 0.028 1
4 0.88466 0.5 0.00208 1
4 0.88795 0.5 0.00446 1
4 0.8987 0.5 0.00912 1
4 0.90497 0.5 0.00166 1
18 0.65448 0.5 0.00076 1
18 0.68904 0.5 0.00136 1
18 0.70579 0.5 0.00118 1
