21 0.13247 0.5 0.01066 1
21 0.51933 0.5 0.00394 1
8 0.52244 0.5 0.00172 1
8 0.63196 0.5 0.0034 1
8 0.67857 0.5 0.08978 1
8 0.72518 0.5 0.0034 1
2 0.09375 0.5 0.06674 1
2 0.17943 0.5 0.02638 1
2 0.27022 0.5 0.00212 1
2 0.27084 0.5 0.00224 1
2 0.2856 0.5 0.01228 1
2 0.29567 0.5 0.0063 1
25 0.38481 0.5 0.01738 1
17 0.44874 0.5 0.00356 1
17 0.45191 0.5 0.00118 1
2 0.89088 0.5 0.01348 1
24 0.40221 0.5 0.00734 1
24 0.40871 0.5 0.00298 1
24 0.41105 0.5 0.00154 1
24 0.47334 0.5 0.00156 1
24 0.49964 0.5 0.01628 1
24 0.90132 0.5 0.00124 1
4 0.46099 0.5 0.00398 1
4 0.46832 0.5 0.01052 1
4 0.92184 0.5 0.04168 1
18 0.05297 0.5 0.00054 1
18 0.26082 0.5 0.00096 1
18 0.31812 0.5 0.001 1
18 0.36432 0.5 0.0008 1
18 0.43035 0.5 0.00106 1
