21 0.14969 0.5 0.00554 1
21 0.21973 0.5 0.00794 1
21 0.34557 0.5 0.00778 1
21 0.36798 0.5 0.00068 1
5 0.23772 0.5 0.0038 1
5 0.24481 0.5 0.01038 1
2 0.55294 0.5 0.00216 1
2 0.55758 0.5 0.0072 1
2 0.55972 0.5 0.0056 1
2 0.761 0.5 0.01868 1
15 0.86989 0.5 0.00246 1
24 0.27618 0.5 0.04204 1
24 0.47397 0.5 0.0033 1
4 0.13205 0.5 0.00122 1
4 0.3149 0.5 0.00108 1
4 0.65746 0.5 0.00152 1
4 0.66028 0.5 0.00188 1
4 0.70693 0.5 0.00246 1
4 0.71283 0.5 0.0075 1
4 0.71642 0.5 0.0008 1
4 0.72227 0.5 0.00514 1
4 0.88788 0.5 0.0012 1
4 0.89774 0.5 0.01776 1
4 0.90984 0.5 0.00716 1
18 0.2072 0.5 0.00176 1
18 0.23349 0.5 0.0011 1
18 0.45596 0.5 0.00076 1
18 0.56513 0.5 0.00114 1
18 0.80973 0.5 0.0013 1
18 0.83452 0.5 0.00116 1
18 0.83707 0.5 0.00094 1
18 0.94897 0.5 0.0011 1
