8 0.22525 0.5 0.11738 1
8 0.28981 0.5 0.0117 1
8 0.31701 0.5 0.00202 1
21 0.36625 0.5 0.06726 1
21 0.40386 0.5 0.00792 1
21 0.45544 0.5 0.09628 1
8 0.50664 0.5 0.00608 1
21 0.51011 0.5 0.00082 1
8 0.51326 0.5 0.00392 1
2 0.1508 0.5 0.00496 1
2 0.32548 0.5 0.01424 1
2 0.68311 0.5 0.00454 1
2 0.6861 0.5 0.0014 1
2 0.68917 0.5 0.00502 1
2 0.70884 0.5 0.0174 1
2 0.74517 0.5 0.01054 1
2 0.78579 0.5 0.00394 1
25 0.81573 0.5 0.00958 1
25 0.82656 0.5 0.00996 1
2 0.83853 0.5 0.0139 1
2 0.84592 0.5 0.00072 1
2 0.85096 0.5 0.01032 1
25 0.85917 0.5 0.00646 1
2 0.92313 0.5 0.00782 1
2 0.94887 0.5 0.0015 1
15 0.95333 0.5 0.00738 1
24 0.61981 0.5 0.08066 1
24 0.941 0.5 0.00468 1
20 0.76329 0.5 0.0139 1
4 0.10587 0.5 0.03754 1
4 0.13201 0.5 0.01258 1
4 0.77637 0.5 0.0069 1
4 0.79973 0.5 0.00086 1
4 0.80387 0.5 0.00842 1
18 0.7903 0.5 0.00072 1
