21 0.05503 0.5 0.04818 1
21 0.13663 0.5 0.11482 1
21 0.20036 0.5 0.01276 1
21 0.20936 0.5 0.00532 1
21 0.22305 0.5 0.02218 1
21 0.23957 0.5 0.01082 1
21 0.25429 0.5 0.01874 1
21 0.26684 0.5 0.00632 1
21 0.28432 0.5 0.02296 1
21 0.46606 0.5 0.01664 1
8 0.48166 0.5 0.01452 1
21 0.49189 0.5 0.0059 1
21 0.49961 0.5 0.0095 1
21 0.50924 0.5 0.00972 1
21 0.61079 0.5 0.19334 1
21 0.71241 0.5 0.00986 1
21 0.76552 0.5 0.09632 1
21 0.84296 0.5 0.05868 1
21 0.89682 0.5 0.049 1
11 0.00446 0.5 0.00728 1
11 0.02256 0.5 0.00668 1
4 0.35658 0.5 0.12152 1
4 0.42895 0.5 0.02386 1
4 0.44934 0.5 0.01676 1
4 0.94238 0.5 0.04208 1
4 0.98782 0.5 0.04876 1
