21 0.03933 0.5 0.02878 1
8 0.0533 0.5 0.00476 1
21 0.05498 0.5 0.00148 1
8 0.06019 0.5 0.0089 1
21 0.08249 0.5 0.03558 1
21 0.15157 0.5 0.10366 1
8 0.19875 0.5 0.0101 1
21 0.20354 0.5 0.00104 1
21 0.27833 0.5 0.08474 1
21 0.3241 0.5 0.00688 1
21 0.3282 0.5 0.00112 1
21 0.34074 0.5 0.02392 1
21 0.36237 0.5 0.0193 1
21 0.3838 0.5 0.02352 1
21 0.39684 0.5 0.00252 1
21 0.39899 0.5 0.00186 1
21 0.40133 0.5 0.00278 1
21 0.40438 0.5 0.0018 1
21 0.4057 0.5 0.00096 1
21 0.40907 0.5 0.00158 1
21 0.42953 0.5 0.03266 1
21 0.44607 0.5 0.00054 1
21 0.4581 0.5 0.02348 1
21 0.4831 0.5 0.02736 1
21 0.52956 0.5 0.01476 1
21 0.54328 0.5 0.01004 1
21 0.56463 0.5 0.03262 1
21 0.59014 0.5 0.01836 1
21 0.61563 0.5 0.03258 1
21 0.76448 0.5 0.00164 1
0 0.77759 0.5 0.00598 1
0 0.78169 0.5 0.00218 1
0 0.78342 0.5 0.00116 1
0 0.78456 0.5 0.00124 1
21 0.80182 0.5 0.02056 1
21 0.8126 0.5 0.00096 1
21 0.81497 0.5 0.00374 1
2 0.4987 0.5 0.00376 1
11 0.51216 0.5 0.02016 1
25 0.63867 0.5 0.00446 1
2 0.86287 0.5 0.00626 1
2 0.96702 0.5 0.00228 1
2 0.96839 0.5 0.00042 1
24 0.01787 0.5 0.01398 1
24 0.21615 0.5 0.02334 1
24 0.69127 0.5 0.0837 1
24 0.87585 0.5 0.00742 1
24 1.00433 0.5 0.0145 1
4 0.97507 0.5 0.0057 1
4 0.98576 0.5 0.0036 1
18 0.94264 0.5 0.0008 1
