21 0.00594 0.5 0.01016 1
21 0.016 0.5 0.00992 1
8 0.21642 0.5 0.00644 1
8 0.22096 0.5 0.0026 1
8 0.22634 0.5 0.00604 1
8 0.26747 0.5 0.0761 1
8 0.30876 0.5 0.00644 1
8 0.53432 0.5 0.00368 1
8 0.65017 0.5 0.0035 1
8 0.87337 0.5 0.00162 1
21 0.96994 0.5 0.0242 1
2 0.20506 0.5 0.01544 1
2 0.21279 0.5 0.00074 1
15 0.40037 0.5 0.00678 1
15 0.41234 0.5 0.00428 1
2 0.50625 0.5 0.0093 1
11 0.51247 0.5 0.00154 1
11 0.59697 0.5 0.0275 1
25 0.65924 0.5 0.00272 1
25 0.6767 0.5 0.00404 1
5 0.8257 0.5 0.00104 1
3 0.82885 0.5 0.00522 1
11 0.85038 0.5 0.00308 1
24 0.05483 0.5 0.00294 1
24 0.06254 0.5 0.0062 1
24 0.08344 0.5 0.0326 1
24 0.18923 0.5 0.00286 1
24 0.79647 0.5 0.02254 1
24 0.84751 0.5 0.00254 1
24 0.86631 0.5 0.01014 1
4 0.41578 0.5 0.00152 1
4 0.75829 0.5 0.00122 1
4 0.81802 0.5 0.0206 1
4 0.83645 0.5 0.0017 1
4 0.84186 0.5 0.00884 1
4 0.87256 0.5 0.00108 1
4 0.94655 0.5 0.00166 1
18 0.0348 0.5 0.00072 1
18 0.04442 0.5 0.00108 1
18 0.19475 0.5 0.0011 1
18 0.52721 0.5 0.00102 1
18 0.6725 0.5 0.00072 1
18 0.99898 0.5 0.00064 1
