21 0.92323 0.5 0.00126 1
21 0.92521 0.5 0.00278 1
15 0.04378 0.5 0.0112 1
2 0.13235 0.5 0.00966 1
2 0.13957 0.5 0.00158 1
10 0.26079 0.5 0.00182 1
3 0.40319 0.5 0.0047 1
25 0.4318 0.5 0.00292 1
25 0.43456 0.5 0.00136 1
2 0.56441 0.5 0.00158 1
15 0.69904 0.5 0.00252 1
15 0.70425 0.5 0.0089 1
6 0.74136 0.5 0.00384 1
2 0.74904 0.5 0.01148 1
6 0.85005 0.5 0.0051 1
24 0.26343 0.5 0.00334 1
24 0.28763 0.5 0.00198 1
24 0.57342 0.5 0.00584 1
24 0.75907 0.5 0.00538 1
24 0.95094 0.5 0.00472 1
24 0.96637 0.5 0.00658 1
4 0.02421 0.5 0.0279 1
4 0.05611 0.5 0.01342 1
4 0.18643 0.5 0.0235 1
4 0.3044 0.5 0.0098 1
4 0.32638 0.5 0.00492 1
4 0.38218 0.5 0.00716 1
4 0.39222 0.5 0.01316 1
4 0.41324 0.5 0.01928 1
4 0.47067 0.5 0.0011 1
18 0.35266 0.5 0.00084 1
18 0.55507 0.5 0.00134 1
18 0.60332 0.5 0.00088 1
