21 0.0736 0.5 0.01712 1
21 0.10046 0.5 0.03656 1
0 0.20941 0.5 0.0063 1
21 0.71257 0.5 0.00322 1
11 0.13172 0.5 0.02124 1
2 0.18919 0.5 0.03406 1
2 0.21923 0.5 0.0133 1
5 0.32979 0.5 0.0053 1
2 0.46133 0.5 0.00962 1
2 0.47645 0.5 0.00742 1
2 0.53607 0.5 0.08838 1
2 0.58598 0.5 0.0114 1
2 0.6047 0.5 0.00392 1
2 0.61126 0.5 0.00296 1
2 0.61879 0.5 0.01146 1
2 0.666 0.5 0.01792 1
2 0.69071 0.5 0.00214 1
2 0.69726 0.5 0.00568 1
2 0.70329 0.5 0.0009 1
2 0.70722 0.5 0.00692 1
2 0.90174 0.5 0.3346 1
24 0.16872 0.5 0.0016 1
24 0.38956 0.5 0.08288 1
4 0.15367 0.5 0.01734 1
4 0.16659 0.5 0.00466 1
4 0.25556 0.5 0.05896 1
18 0.59481 0.5 0.00098 1
18 0.65308 0.5 0.0006 1
