8 0.79364 0.5 0.00232 1
21 0.80169 0.5 0.01178 1
21 0.85244 0.5 0.08488 1
21 0.89822 0.5 0.00664 1
8 0.90669 0.5 0.00698 1
8 0.91545 0.5 0.00842 1
8 0.9228 0.5 0.00636 1
8 0.92939 0.5 0.00506 1
2 0.30793 0.5 0.00218 1
2 0.31259 0.5 0.00662 1
2 0.31695 0.5 0.00234 1
2 0.31846 0.5 0.00268 1
2 0.33475 0.5 0.00334 1
2 0.41628 0.5 0.15968 1
2 0.50521 0.5 0.0037 1
10 0.58102 0.5 0.04588 1
10 0.60439 0.5 0.00082 1
10 0.60605 0.5 0.00278 1
5 0.61288 0.5 0.00716 1
5 0.63421 0.5 0.0067 1
5 0.63829 0.5 0.00146 1
2 0.64449 0.5 0.01102 1
2 0.65597 0.5 0.01046 1
2 0.69571 0.5 0.00666 1
2 0.70712 0.5 0.00332 1
2 0.7226 0.5 0.00236 1
2 0.72699 0.5 0.00246 1
2 0.74796 0.5 0.00268 1
2 0.7518 0.5 0.00228 1
5 0.7692 0.5 0.00252 1
2 0.90255 0.5 0.00126 1
24 0.97774 0.5 0.00108 1
4 0.67971 0.5 0.00202 1
4 0.94275 0.5 0.00106 1
4 0.9494 0.5 0.01224 1
4 0.96026 0.5 0.00492 1
4 0.96412 0.5 0.00112 1
18 0.66262 0.5 0.00104 1
18 0.66758 0.5 0.00088 1
18 0.71039 0.5 0.00118 1
18 0.74607 0.5 0.0007 1
18 0.76694 0.5 0.00084 1
