21 0.05056 0.5 0.0708 1
21 0.08797 0.5 0.0007 1
21 0.0946 0.5 0.01364 1
8 0.12277 0.5 0.03962 1
8 0.14512 0.5 0.00516 1
8 0.15006 0.5 0.00468 1
21 0.15886 0.5 0.01248 1
21 0.16507 0.5 0.00054 1
21 0.17564 0.5 0.02036 1
21 0.19934 0.5 0.027 1
21 0.24655 0.5 0.06738 1
21 0.28021 0.5 0.00054 1
21 0.29079 0.5 0.02038 1
21 0.31459 0.5 0.02718 1
8 0.32945 0.5 0.0025 1
8 0.33612 0.5 0.00192 1
8 0.33779 0.5 0.00198 1
8 0.34252 0.5 0.00188 1
21 0.35577 0.5 0.02314 1
21 0.39239 0.5 0.05006 1
21 0.42865 0.5 0.02362 1
8 0.44177 0.5 0.00134 1
8 0.44481 0.5 0.0043 1
8 0.45871 0.5 0.00234 1
8 0.46167 0.5 0.00134 1
8 0.46292 0.5 0.00112 1
8 0.46405 0.5 0.0013 1
8 0.47891 0.5 0.00234 1
8 0.48288 0.5 0.00136 1
8 0.49314 0.5 0.00212 1
21 0.51228 0.5 0.03348 1
21 0.5633 0.5 0.01032 1
8 0.94169 0.5 0.01178 1
8 0.95789 0.5 0.01298 1
2 0.60025 0.5 0.00738 1
2 0.61195 0.5 0.0139 1
2 0.63868 0.5 0.00284 1
2 0.65494 0.5 0.00452 1
2 0.66969 0.5 0.00634 1
2 0.8536 0.5 0.00456 1
2 0.85372 0.5 0.00476 1
2 0.98099 0.5 0.0217 1
11 1.03146 0.5 0.07904 1
24 0.723 0.5 0.03456 1
24 0.89523 0.5 0.04826 1
18 0.74679 0.5 0.00234 1
