21 0.06651 0.5 0.00574 1
21 0.07036 0.5 0.00224 1
21 0.10141 0.5 0.04406 1
21 0.1353 0.5 0.01088 1
21 0.18164 0.5 0.07452 1
21 0.23278 0.5 0.02716 1
21 0.25062 0.5 0.00848 1
21 0.26005 0.5 0.0083 1
21 0.26866 0.5 0.009 1
21 0.32351 0.5 0.10074 1
21 0.37462 0.5 0.00196 1
21 0.56274 0.5 0.0054 1
0 0.57811 0.5 0.0071 1
21 0.67157 0.5 0.0227 1
21 0.69171 0.5 0.01754 1
21 0.70855 0.5 0.00398 1
21 0.71674 0.5 0.01232 1
21 0.74231 0.5 0.00434 1
21 0.79976 0.5 0.10516 1
21 0.86362 0.5 0.02252 1
2 0.52936 0.5 0.0086 1
25 0.54152 0.5 0.01568 1
25 0.55535 0.5 0.00922 1
11 0.62671 0.5 0.00274 1
11 0.63181 0.5 0.00162 1
11 0.6486 0.5 0.00672 1
11 0.93477 0.5 0.11014 1
11 1.01784 0.5 0.0538 1
24 0.51059 0.5 0.0095 1
4 0.05349 0.5 0.00166 1
4 0.44666 0.5 0.00108 1
