21 0.50204 0.5 0.02724 1
21 0.54362 0.5 0.00848 1
21 0.86362 0.5 0.01248 1
2 0.12177 0.5 0.01174 1
2 0.13211 0.5 0.0091 1
2 0.18569 0.5 0.0281 1
2 0.28553 0.5 0.0025 1
2 0.28971 0.5 0.00178 1
25 0.29427 0.5 0.0073 1
2 0.42182 0.5 0.00224 1
2 0.42674 0.5 0.00164 1
25 0.43115 0.5 0.00714 1
3 0.46545 0.5 0.0009 1
15 0.76338 0.5 0.00524 1
15 0.77394 0.5 0.0022 1
15 0.77736 0.5 0.0046 1
2 0.80326 0.5 0.02292 1
15 0.82831 0.5 0.0093 1
15 0.83386 0.5 0.00144 1
24 0.55889 0.5 0.01314 1
24 0.58537 0.5 0.01862 1
24 0.60495 0.5 0.01842 1
4 0.00799 0.5 0.00478 1
4 0.01655 0.5 0.00254 1
4 0.02883 0.5 0.01746 1
4 0.0521 0.5 0.00164 1
4 0.06487 0.5 0.00378 1
4 0.36356 0.5 0.00108 1
4 0.64201 0.5 0.00774 1
4 0.64627 0.5 0.00058 1
4 0.64798 0.5 0.00332 1
4 0.65064 0.5 0.00076 1
4 0.65342 0.5 0.0018 1
4 0.786 0.5 0.01068 1
4 0.81924 0.5 0.009 1
18 0.24152 0.5 0.00116 1
18 0.37338 0.5 0.00068 1
18 0.37542 0.5 0.00128 1
18 0.7259 0.5 0.00092 1
18 0.88611 0.5 0.00134 1
18 0.98886 0.5 0.001 1
