21 0.11483 0.5 0.00162 1
8 0.33121 0.5 0.00618 1
2 0.33959 0.5 0.00438 1
2 0.35632 0.5 0.02832 1
2 0.3778 0.5 0.00804 1
25 0.38437 0.5 0.00546 1
2 0.38834 0.5 0.00248 1
25 0.46713 0.5 0.00518 1
25 0.47551 0.5 0.00966 1
5 0.48684 0.5 0.00348 1
3 0.48946 0.5 0.00176 1
3 0.49411 0.5 0.00422 1
5 0.69286 0.5 0.00336 1
5 0.69708 0.5 0.0032 1
2 0.74752 0.5 0.0064 1
5 0.901 0.5 0.00288 1
5 0.9355 0.5 0.009 1
15 0.95083 0.5 0.00166 1
15 0.96871 0.5 0.00454 1
2 0.97124 0.5 0.00492 1
5 0.99624 0.5 0.00292 1
5 0.99908 0.5 0.0014 1
24 0.02263 0.5 0.01186 1
24 0.03822 0.5 0.00256 1
24 0.16701 0.5 0.00206 1
4 0.14913 0.5 0.00186 1
4 0.3132 0.5 0.00868 1
4 0.31899 0.5 0.00282 1
4 0.51917 0.5 0.02918 1
4 0.61661 0.5 0.00542 1
4 0.62258 0.5 0.00652 1
4 0.63679 0.5 0.00198 1
4 0.63978 0.5 0.00332 1
4 0.65686 0.5 0.01652 1
4 0.67514 0.5 0.01432 1
4 0.69983 0.5 0.00142 1
4 0.70151 0.5 0.0009 1
18 0.58898 0.5 0.00072 1
18 0.59746 0.5 0.00076 1
