21 0.37445 0.5 0.00554 1
21 0.42013 0.5 0.08574 1
21 0.47089 0.5 0.0117 1
21 0.98898 0.5 0.02356 1
2 0.06371 0.5 0.00162 1
25 0.06482 0.5 0.00056 1
2 0.08199 0.5 0.00082 1
15 0.50744 0.5 0.00528 1
15 0.51735 0.5 0.00446 1
6 0.57396 0.5 0.00456 1
2 0.57931 0.5 0.00314 1
2 0.58793 0.5 0.01358 1
2 0.60476 0.5 0.00608 1
11 0.94473 0.5 0.01222 1
11 0.95471 0.5 0.00554 1
11 0.9631 0.5 0.00588 1
24 0.09718 0.5 0.00572 1
24 0.11014 0.5 0.016 1
24 0.12192 0.5 0.00568 1
24 0.19657 0.5 0.00242 1
24 0.35517 0.5 0.0195 1
4 0.02198 0.5 0.00408 1
4 0.03445 0.5 0.01666 1
4 0.04589 0.5 0.0049 1
4 0.17674 0.5 0.02072 1
4 0.19259 0.5 0.00554 1
4 0.20127 0.5 0.00486 1
4 0.69839 0.5 0.01134 1
4 0.71301 0.5 0.01622 1
4 0.73803 0.5 0.00554 1
4 0.74638 0.5 0.00332 1
4 0.7656 0.5 0.03164 1
4 0.78807 0.5 0.0091 1
4 0.88762 0.5 0.004 1
4 0.89178 0.5 0.0022 1
18 0.93315 0.5 0.00062 1
