21 0.02079 0.5 0.0237 1
21 0.18237 0.5 0.0103 1
21 0.19749 0.5 0.0199 1
21 0.22503 0.5 0.03522 1
21 0.24457 0.5 0.0043 1
21 0.24734 0.5 0.00108 1
21 0.2784 0.5 0.061 1
21 0.3121 0.5 0.00616 1
21 0.32035 0.5 0.0103 1
21 0.52303 0.5 0.02262 1
21 0.54366 0.5 0.0186 1
8 0.64303 0.5 0.06722 1
8 0.68012 0.5 0.00176 1
8 0.68989 0.5 0.01302 1
8 0.80626 0.5 0.00216 1
8 0.83934 0.5 0.01016 1
8 0.87193 0.5 0.05498 1
8 0.90745 0.5 0.0161 1
8 0.9206 0.5 0.01016 1
5 0.1056 0.5 0.00708 1
5 0.11093 0.5 0.0025 1
13 0.47862 0.5 0.0016 1
2 0.48897 0.5 0.00542 1
2 0.49503 0.5 0.00322 1
2 0.60272 0.5 0.00164 1
2 0.95583 0.5 0.00114 1
2 0.9613 0.5 0.01116 1
24 0.07199 0.5 0.04178 1
24 0.0946 0.5 0.003 1
24 0.12335 0.5 0.0007 1
24 0.13647 0.5 0.02154 1
24 0.15467 0.5 0.00738 1
24 0.50547 0.5 0.0017 1
24 0.5825 0.5 0.0332 1
24 0.98816 0.5 0.00524 1
1 0.40526 0.5 0.00532 1
4 0.11796 0.5 0.0112 1
4 0.33238 0.5 0.00812 1
4 0.33718 0.5 0.00216 1
4 0.34449 0.5 0.01278 1
4 0.81963 0.5 0.00214 1
4 0.82483 0.5 0.00118 1
4 0.97786 0.5 0.00776 1
18 0.98255 0.5 0.00106 1
