8 0.01248 0.5 0.01428 1
21 0.02789 0.5 0.01638 1
21 0.03624 0.5 0.00032 1
21 0.04478 0.5 0.01672 1
8 0.05751 0.5 0.00758 1
8 0.15964 0.5 0.0216 1
8 0.19782 0.5 0.04252 1
8 0.22036 0.5 0.00116 1
8 0.22257 0.5 0.00322 1
21 0.46918 0.5 0.02284 1
21 0.52196 0.5 0.0832 1
21 0.57761 0.5 0.02798 1
21 0.60306 0.5 0.02288 1
15 0.278 0.5 0.00792 1
15 0.28806 0.5 0.01216 1
15 0.29606 0.5 0.0038 1
6 0.65922 0.5 0.00192 1
2 0.73183 0.5 0.0075 1
2 0.73313 0.5 0.00786 1
15 0.87924 0.5 0.04128 1
15 0.90124 0.5 0.00288 1
2 0.9092 0.5 0.00268 1
2 0.9153 0.5 0.00948 1
2 0.92067 0.5 0.00122 1
2 0.93667 0.5 0.00746 1
25 0.9848 0.5 0.00116 1
24 0.23242 0.5 0.00144 1
24 0.23717 0.5 0.00426 1
24 0.45459 0.5 0.0021 1
4 0.17563 0.5 0.0019 1
4 0.2275 0.5 0.00484 1
4 0.27378 0.5 0.00048 1
4 0.6503 0.5 0.0048 1
4 0.71228 0.5 0.00704 1
4 0.71643 0.5 0.00194 1
4 0.75007 0.5 0.0041 1
18 0.11774 0.5 0.0034 1
18 0.66795 0.5 0.00074 1
18 0.92947 0.5 0.00066 1
