21 0.07246 0.5 0.02388 1
21 0.11333 0.5 0.05774 1
21 0.17267 0.5 0.05946 1
21 0.21057 0.5 0.0163 1
21 0.22504 0.5 0.00708 1
21 0.37492 0.5 0.03224 1
21 0.39167 0.5 0.0019 1
21 0.40856 0.5 0.03184 1
21 0.4811 0.5 0.1132 1
21 0.54189 0.5 0.00834 1
21 0.55588 0.5 0.01964 1
21 0.58168 0.5 0.03188 1
21 0.61604 0.5 0.03676 1
21 0.65137 0.5 0.03386 1
21 0.71876 0.5 0.10108 1
21 0.7704 0.5 0.00216 1
21 0.77467 0.5 0.00738 1
21 0.90335 0.5 0.00182 1
21 0.90768 0.5 0.00216 1
21 0.92513 0.5 0.0221 1
21 0.93973 0.5 0.00134 1
21 0.95254 0.5 0.01028 1
21 0.95971 0.5 0.00402 1
21 0.99504 0.5 0.06676 1
2 0.05038 0.5 0.02024 1
2 0.26424 0.5 0.07128 1
2 0.30552 0.5 0.00928 1
2 0.33495 0.5 0.04766 1
2 0.78913 0.5 0.0215 1
2 0.82063 0.5 0.0029 1
2 0.82295 0.5 0.00138 1
2 0.83291 0.5 0.00454 1
2 0.85056 0.5 0.00364 1
2 0.86276 0.5 0.00616 1
4 0.02605 0.5 0.00102 1
18 0.90056 0.5 0.00064 1
