8 0.62625 0.5 0.00834 1
15 0.0977 0.5 0.00608 1
15 0.10612 0.5 0.00508 1
2 0.24921 0.5 0.00442 1
2 0.25202 0.5 0.0072 1
2 0.25541 0.5 0.00238 1
2 0.26248 0.5 0.00304 1
2 0.38559 0.5 0.00566 1
19 0.39953 0.5 0.00482 1
2 0.40628 0.5 0.00728 1
2 0.70165 0.5 0.00774 1
15 0.73088 0.5 0.00368 1
2 0.87573 0.5 0.00122 1
2 0.87778 0.5 0.00284 1
2 0.88412 0.5 0.00528 1
2 0.89152 0.5 0.00392 1
2 1.05009 0.5 0.3129 1
24 0.10223 0.5 0.00266 1
24 0.25873 0.5 0.00434 1
24 0.37389 0.5 0.01114 1
24 0.57696 0.5 0.00264 1
24 0.61377 0.5 0.00478 1
24 0.70962 0.5 0.00596 1
24 0.78428 0.5 0.00272 1
4 0.69634 0.5 0.00284 1
4 0.76035 0.5 0.00802 1
4 0.78299 0.5 0.00462 1
18 0.08956 0.5 0.00124 1
18 0.29786 0.5 0.0008 1
18 0.76703 0.5 0.0009 1
18 0.85298 0.5 0.0006 1
