8 0.14271 0.5 0.00362 1
8 0.1843 0.5 0.07952 1
8 0.2317 0.5 0.01388 1
8 0.24047 0.5 0.00362 1
8 0.27107 0.5 0.00322 1
8 0.29363 0.5 0.04186 1
8 0.3328 0.5 0.03708 1
8 0.35297 0.5 0.00322 1
21 0.58938 0.5 0.02268 1
21 0.62131 0.5 0.01782 1
21 0.63407 0.5 0.0053 1
0 0.99884 0.5 0.00188 1
5 0.10784 0.5 0.0046 1
5 0.24418 0.5 0.0028 1
2 0.25062 0.5 0.00272 1
2 0.44934 0.5 0.01408 1
10 0.60691 0.5 0.00134 1
13 0.64692 0.5 0.0124 1
15 0.94398 0.5 0.01596 1
24 0.03616 0.5 0.00212 1
24 0.53193 0.5 0.00106 1
24 0.70175 0.5 0.0013 1
24 0.81705 0.5 0.02246 1
24 0.85084 0.5 0.04524 1
24 0.90878 0.5 0.00176 1
24 0.99328 0.5 0.00868 1
4 0.04393 0.5 0.01718 1
4 0.09665 0.5 0.01226 1
4 0.24759 0.5 0.00334 1
4 0.25594 0.5 0.00152 1
4 0.25998 0.5 0.00304 1
4 0.26447 0.5 0.00474 1
4 0.56168 0.5 0.01132 1
4 0.98638 0.5 0.0038 1
18 0.50278 0.5 0.00096 1
18 0.92057 0.5 0.00082 1
18 0.98311 0.5 0.00086 1
