8 0.30792 0.5 0.01188 1
8 0.46251 0.5 0.0097 1
21 0.72168 0.5 0.01304 1
3 0.27476 0.5 0.00188 1
6 0.51325 0.5 0.0041 1
25 0.51586 0.5 0.0008 1
3 0.69041 0.5 0.02074 1
2 0.88338 0.5 0.01352 1
24 0.20879 0.5 0.00138 1
24 0.24074 0.5 0.002 1
24 0.59645 0.5 0.00158 1
24 0.7319 0.5 0.00728 1
24 0.87125 0.5 0.00774 1
24 0.93616 0.5 0.00212 1
4 0.08806 0.5 0.0118 1
4 0.09974 0.5 0.00816 1
4 0.21716 0.5 0.01724 1
4 0.62405 0.5 0.0205 1
4 0.94393 0.5 0.01718 1
4 0.99665 0.5 0.01226 1
18 0.38568 0.5 0.0008 1
18 0.47898 0.5 0.0006 1
18 0.59084 0.5 0.00148 1
