8 0.19485 0.5 0.00398 1
21 0.38251 0.5 0.00678 1
21 0.42557 0.5 0.06106 1
21 0.46431 0.5 0.01642 1
21 0.49107 0.5 0.02754 1
21 0.50611 0.5 0.00142 1
21 0.51094 0.5 0.00704 1
21 0.55909 0.5 0.00542 1
21 0.60386 0.5 0.00664 1
13 0.17683 0.5 0.00582 1
13 0.18261 0.5 0.00378 1
16 0.33061 0.5 0.00366 1
16 0.34314 0.5 0.011 1
3 0.34725 0.5 0.01594 1
2 0.3703 0.5 0.00632 1
2 0.37547 0.5 0.00398 1
2 0.62009 0.5 0.02578 1
2 0.63908 0.5 0.01216 1
2 0.64662 0.5 0.00248 1
3 0.69422 0.5 0.00328 1
5 0.77558 0.5 0.00396 1
5 0.78161 0.5 0.00358 1
25 0.7921 0.5 0.00596 1
25 0.81156 0.5 0.00312 1
2 0.8216 0.5 0.0114 1
2 0.82895 0.5 0.00234 1
2 0.83634 0.5 0.00932 1
15 0.89763 0.5 0.00346 1
15 0.90145 0.5 0.00454 1
24 0.05745 0.5 0.01618 1
24 0.07439 0.5 0.00298 1
24 0.11493 0.5 0.0631 1
24 0.15775 0.5 0.0157 1
24 0.18912 0.5 0.00228 1
24 0.27603 0.5 0.0029 1
24 0.97582 0.5 0.00184 1
4 0.65785 0.5 0.0049 1
4 0.9503 0.5 0.00084 1
4 0.96844 0.5 0.01248 1
18 0.16651 0.5 0.0007 1
18 0.53543 0.5 0.00074 1
18 0.58627 0.5 0.00098 1
18 0.58638 0.5 0.00068 1
18 0.58741 0.5 0.00066 1
18 0.69936 0.5 0.00092 1
18 0.76679 0.5 0.0009 1
18 0.77228 0.5 0.0016 1
18 0.92695 0.5 0.00318 1
18 0.95414 0.5 0.00148 1
