0 0.21135 0.5 0.00674 1
8 0.22638 0.5 0.00512 1
8 0.26401 0.5 0.00382 1
8 0.2693 0.5 0.0068 1
8 0.2779 0.5 0.0046 1
8 0.30598 0.5 0.00808 1
8 0.38414 0.5 0.00208 1
21 0.3929 0.5 0.00628 1
21 0.41428 0.5 0.0342 1
2 0.06702 0.5 0.00228 1
2 0.06839 0.5 0.00042 1
2 0.23857 0.5 0.01922 1
2 0.24982 0.5 0.00292 1
2 0.25376 0.5 0.00364 1
2 1.23427 0.5 1.5247 1
24 0.10433 0.5 0.0145 1
24 0.11497 0.5 0.00094 1
24 0.13125 0.5 0.01418 1
24 0.16943 0.5 0.05018 1
24 0.20286 0.5 0.0102 1
24 0.34093 0.5 0.05686 1
4 0.07507 0.5 0.0057 1
4 0.08576 0.5 0.0036 1
18 0.04264 0.5 0.0008 1
