21 0.91239 0.5 0.02294 1
21 0.92479 0.5 0.00062 1
21 0.99221 0.5 0.00102 1
21 0.99355 0.5 0.00106 1
21 1.00986 0.5 0.03152 1
2 0.02313 0.5 0.00782 1
2 0.04887 0.5 0.0015 1
15 0.05333 0.5 0.00738 1
2 0.15587 0.5 0.08342 1
5 0.26142 0.5 0.00616 1
5 0.27284 0.5 0.01668 1
2 0.32551 0.5 0.00142 1
2 0.32821 0.5 0.00278 1
2 0.34473 0.5 0.00606 1
2 0.36071 0.5 0.00174 1
25 0.3747 0.5 0.00228 1
5 0.39099 0.5 0.00622 1
5 0.3959 0.5 0.00416 1
15 0.43555 0.5 0.00906 1
5 0.45485 0.5 0.01982 1
5 0.48487 0.5 0.04046 1
5 0.50935 0.5 0.00842 1
5 0.51473 0.5 0.00222 1
2 0.52773 0.5 0.02014 1
5 0.56476 0.5 0.00224 1
2 0.56922 0.5 0.0024 1
2 0.5723 0.5 0.00776 1
2 0.77453 0.5 0.02066 1
2 0.8379 0.5 0.02372 1
2 0.82619 0.5 0.00026 1
2 0.87361 0.5 0.01074 1
2 0.88172 0.5 0.00544 1
2 0.94067 0.5 0.03154 1
24 0.041 0.5 0.00468 1
24 0.55983 0.5 0.00186 1
24 0.76195 0.5 0.00138 1
4 0.75891 0.5 0.00442 1
4 0.7633 0.5 0.00148 1
4 0.80499 0.5 0.04046 1
4 0.82562 0.5 0.0008 1
4 0.85916 0.5 0.0182 1
4 0.89064 0.5 0.01236 1
4 0.95555 0.5 0.00242 1
4 0.96632 0.5 0.00764 1
4 0.97665 0.5 0.00198 1
4 0.98005 0.5 0.0015 1
4 0.98331 0.5 0.00346 1
