21 0.04592 0.5 0.00876 1
8 0.1 0.5 0.00784 1
8 0.14654 0.5 0.0852 1
8 0.19316 0.5 0.008 1
21 0.40181 0.5 0.00114 1
21 0.41308 0.5 0.0006 1
21 0.43642 0.5 0.00108 1
21 0.47096 0.5 0.00244 1
21 0.48078 0.5 0.0006 1
21 0.52199 0.5 0.01098 1
21 0.52955 0.5 0.00458 1
21 0.54538 0.5 0.02408 1
21 0.56528 0.5 0.01568 1
21 0.60295 0.5 0.00074 1
21 0.69397 0.5 0.00778 1
21 0.6996 0.5 0.004 1
21 0.75769 0.5 0.00226 1
21 0.78856 0.5 0.00916 1
21 0.79449 0.5 0.00282 1
21 0.95503 0.5 0.04818 1
21 1.03663 0.5 0.11482 1
25 0.41387 0.5 0.00094 1
25 0.48157 0.5 0.00094 1
11 0.89893 0.5 0.0021 1
11 0.90446 0.5 0.00728 1
11 0.92256 0.5 0.00668 1
24 0.80377 0.5 0.0025 1
24 0.83888 0.5 0.05888 1
4 0.77139 0.5 0.02514 1
