8 0.74395 0.5 0.00466 1
21 0.8041 0.5 0.00732 1
21 0.8107 0.5 0.0046 1
25 0.04018 0.5 0.00532 1
25 0.04889 0.5 0.01038 1
25 0.89242 0.5 0.00912 1
24 0.2165 0.5 0.00292 1
24 0.26664 0.5 0.01596 1
24 0.28052 0.5 0.00412 1
24 0.29704 0.5 0.02964 1
24 0.32371 0.5 0.01566 1
24 0.34735 0.5 0.00406 1
4 0.36628 0.5 0.0044 1
4 0.37053 0.5 0.0035 1
4 0.38087 0.5 0.01714 1
4 0.398 0.5 0.00524 1
4 0.41599 0.5 0.00154 1
4 0.4229 0.5 0.012 1
4 0.98391 0.5 0.00514 1
4 0.99479 0.5 0.01198 1
18 0.05684 0.5 0.00052 1
18 0.50265 0.5 0.0007 1
18 0.78874 0.5 0.00088 1
18 0.94205 0.5 0.00086 1
18 0.973 0.5 0.00084 1
