21 0.66806 0.5 0.00152 1
25 0.2019 0.5 0.00732 1
25 0.21368 0.5 0.0014 1
25 0.21454 0.5 0.0028 1
5 0.23762 0.5 0.01336 1
25 0.32931 0.5 0.00986 1
10 0.33916 0.5 0.003 1
2 0.34386 0.5 0.00516 1
2 0.38195 0.5 0.0465 1
2 0.42576 0.5 0.04128 1
2 0.47368 0.5 0.05476 1
2 0.50599 0.5 0.00506 1
13 0.81521 0.5 0.01198 1
10 0.84008 0.5 0.00488 1
24 0.14515 0.5 0.01726 1
24 0.51191 0.5 0.00318 1
24 0.54966 0.5 0.00232 1
24 0.94484 0.5 0.01852 1
1 0.62721 0.5 0.00558 1
4 0.136 0.5 0.00132 1
4 0.21858 0.5 0.00148 1
4 0.68818 0.5 0.01304 1
4 0.7888 0.5 0.00228 1
4 0.80256 0.5 0.00084 1
18 0.08886 0.5 0.001 1
18 0.12978 0.5 0.0012 1
18 0.13269 0.5 0.00078 1
18 0.31882 0.5 0.0008 1
18 0.50285 0.5 0.00082 1
