21 0.05285 0.5 0.02414 1
21 0.07475 0.5 0.01118 1
21 0.08422 0.5 0.00604 1
21 0.10074 0.5 0.0204 1
21 0.12274 0.5 0.00576 1
21 0.14148 0.5 0.03304 1
21 0.18632 0.5 0.05448 1
21 0.21726 0.5 0.00736 1
21 0.22731 0.5 0.0127 1
8 0.296 0.5 0.00048 1
21 0.29753 0.5 0.00254 1
21 0.31197 0.5 0.0265 1
21 0.33884 0.5 0.027 1
21 0.36141 0.5 0.0181 1
21 0.37518 0.5 0.0096 1
21 0.43299 0.5 0.01682 1
21 0.44953 0.5 0.01654 1
21 0.46114 0.5 0.00316 1
21 0.46841 0.5 0.00902 1
21 0.49413 0.5 0.0389 1
21 0.53004 0.5 0.03288 1
8 0.61341 0.5 0.00502 1
8 0.63549 0.5 0.0027 1
8 0.65004 0.5 0.01028 1
8 0.65743 0.5 0.00414 1
8 0.66249 0.5 0.00542 1
8 0.66759 0.5 0.00262 1
8 0.67232 0.5 0.0058 1
8 0.68558 0.5 0.01552 1
8 0.696 0.5 0.00388 1
21 0.76082 0.5 0.02412 1
21 0.79157 0.5 0.03734 1
21 0.81813 0.5 0.01578 1
21 0.83877 0.5 0.02546 1
21 0.86335 0.5 0.02366 1
21 0.87908 0.5 0.00776 1
21 0.90384 0.5 0.04172 1
21 0.93613 0.5 0.02294 1
21 0.98969 0.5 0.0843 1
11 0.24896 0.5 0.00312 1
11 0.25549 0.5 0.00846 1
11 0.27802 0.5 0.0366 1
11 0.3821 0.5 0.00416 1
11 0.39263 0.5 0.0059 1
11 0.41096 0.5 0.0272 1
11 0.55276 0.5 0.01252 1
11 0.58768 0.5 0.04628 1
11 0.62389 0.5 0.0157 1
11 0.71253 0.5 0.02894 1
11 0.74661 0.5 0.00338 1
4 0.01629 0.5 0.0083 1
4 0.02725 0.5 0.01342 1
4 0.03787 0.5 0.00566 1
4 0.06681 0.5 0.0033 1
4 0.24049 0.5 0.01362 1
