21 0.03613 0.5 0.02294 1
21 0.08969 0.5 0.0843 1
21 0.2926 0.5 0.02312 1
21 0.45332 0.5 0.03844 1
21 0.47699 0.5 0.00878 1
8 0.67369 0.5 0.0057 1
21 0.68189 0.5 0.00534 1
21 0.87569 0.5 0.02298 1
11 0.14722 0.5 0.00076 1
11 0.15445 0.5 0.00166 1
11 0.16671 0.5 0.02062 1
2 0.25509 0.5 0.01418 1
2 0.27017 0.5 0.01334 1
2 0.32103 0.5 0.00266 1
2 0.32626 0.5 0.0048 1
2 0.33647 0.5 0.00782 1
2 0.34877 0.5 0.00378 1
2 0.37815 0.5 0.05534 1
2 0.50897 0.5 0.0009 1
12 0.55907 0.5 0.01262 1
16 0.61367 0.5 0.00454 1
3 0.61678 0.5 0.00944 1
24 0.18105 0.5 0.00822 1
24 0.42139 0.5 0.02502 1
24 0.48905 0.5 0.0153 1
24 0.75176 0.5 0.0822 1
4 0.50587 0.5 0.0055 1
4 0.59187 0.5 0.00418 1
4 0.59518 0.5 0.00296 1
4 0.60201 0.5 0.00206 1
4 0.62585 0.5 0.0085 1
4 0.82285 0.5 0.01186 1
4 0.83531 0.5 0.00154 1
4 0.85143 0.5 0.00178 1
18 0.30556 0.5 0.00104 1
18 0.49996 0.5 0.00092 1
18 0.5026 0.5 0.00064 1
18 0.64137 0.5 0.0009 1
18 0.99549 0.5 0.00166 1
