8 0.15744 0.5 0.00184 1
21 0.69524 0.5 0.00836 1
21 0.72046 0.5 0.01048 1
21 0.7334 0.5 0.00568 1
0 0.74011 0.5 0.0071 1
21 0.7554 0.5 0.0048 1
8 0.78964 0.5 0.00832 1
8 0.79427 0.5 0.0009 1
8 0.83676 0.5 0.00372 1
8 0.84266 0.5 0.008 1
8 0.84792 0.5 0.00248 1
21 0.92792 0.5 0.02572 1
21 0.98012 0.5 0.07916 1
2 0.04648 0.5 0.0572 1
2 0.10465 0.5 0.0577 1
2 0.20497 0.5 0.00314 1
2 0.21012 0.5 0.0044 1
2 0.21861 0.5 0.01254 1
2 0.23919 0.5 0.0043 1
2 0.23943 0.5 0.0047 1
2 0.2981 0.5 0.03436 1
11 0.46958 0.5 0.01176 1
24 0.64827 0.5 0.00102 1
24 0.8858 0.5 0.05836 1
4 0.23101 0.5 0.01218 1
4 0.24879 0.5 0.00246 1
4 0.25925 0.5 0.01846 1
4 0.27451 0.5 0.0121 1
4 0.31851 0.5 0.00566 1
4 0.33499 0.5 0.02726 1
4 0.35116 0.5 0.00508 1
4 0.36256 0.5 0.01764 1
4 0.4032 0.5 0.00112 1
4 0.42805 0.5 0.04574 1
4 0.45752 0.5 0.01104 1
4 0.51319 0.5 0.07542 1
4 0.55557 0.5 0.00918 1
4 0.58568 0.5 0.028 1
4 0.61246 0.5 0.02396 1
4 0.63313 0.5 0.00182 1
4 0.64133 0.5 0.01458 1
4 0.65508 0.5 0.0144 1
4 0.66444 0.5 0.00248 1
4 0.66723 0.5 0.00242 1
4 0.76289 0.5 0.00098 1
