8 0.4578 0.5 0.00324 1
8 0.47142 0.5 0.02396 1
8 0.51415 0.5 0.06174 1
8 0.54666 0.5 0.00324 1
8 0.79316 0.5 0.01264 1
8 0.80042 0.5 0.00184 1
8 0.81428 0.5 0.026 1
8 0.84331 0.5 0.03214 1
8 0.86137 0.5 0.00394 1
15 0.14378 0.5 0.01068 1
25 0.36136 0.5 0.00208 1
2 0.45143 0.5 0.00438 1
2 0.55784 0.5 0.01908 1
19 0.65975 0.5 0.00382 1
15 0.68533 0.5 0.00718 1
25 0.76643 0.5 0.00502 1
5 0.89812 0.5 0.00112 1
2 0.91529 0.5 0.0055 1
2 0.92181 0.5 0.00222 1
2 0.92795 0.5 0.00162 1
2 0.93719 0.5 0.0053 1
24 0.0521 0.5 0.00136 1
4 0.00665 0.5 0.00202 1
4 0.1986 0.5 0.0108 1
4 0.20515 0.5 0.00202 1
18 0.63361 0.5 0.00066 1
18 0.67719 0.5 0.00086 1
18 0.78429 0.5 0.00086 1
