8 0.24361 0.5 0.0035 1
8 0.25132 0.5 0.01084 1
8 0.2988 0.5 0.08408 1
8 0.34509 0.5 0.00778 1
8 0.3706 0.5 0.0028 1
8 0.37294 0.5 0.00184 1
8 0.40069 0.5 0.0473 1
8 0.44866 0.5 0.03452 1
8 0.46758 0.5 0.0028 1
8 0.69711 0.5 0.00502 1
21 0.70432 0.5 0.0018 1
21 0.85335 0.5 0.00098 1
21 0.90376 0.5 0.0998 1
21 0.95903 0.5 0.00974 1
21 0.96996 0.5 0.00408 1
21 0.97459 0.5 0.00326 1
8 0.99108 0.5 0.00192 1
21 0.997 0.5 0.00172 1
2 0.5757 0.5 0.06236 1
2 0.6084 0.5 0.00076 1
2 0.62431 0.5 0.0285 1
2 0.643 0.5 0.006 1
2 0.82485 0.5 0.00526 1
2 0.82643 0.5 0.00386 1
24 0.70934 0.5 0.00148 1
24 0.7219 0.5 0.0104 1
4 0.06035 0.5 0.0099 1
4 0.0684 0.5 0.00664 1
4 0.15071 0.5 0.01558 1
4 0.16533 0.5 0.01002 1
4 0.18099 0.5 0.02222 1
4 0.19595 0.5 0.00742 1
4 0.64835 0.5 0.00162 1
4 0.65237 0.5 0.00126 1
4 0.65475 0.5 0.00082 1
4 0.71278 0.5 0.00768 1
4 0.74479 0.5 0.03466 1
18 0.78898 0.5 0.00204 1
