21 0.95285 0.5 0.02414 1
21 0.97475 0.5 0.01118 1
21 0.98422 0.5 0.00604 1
21 1.00074 0.5 0.0204 1
11 0.09317 0.5 0.00338 1
11 0.10456 0.5 0.00256 1
11 0.11683 0.5 0.0133 1
2 0.12553 0.5 0.0035 1
2 0.12872 0.5 0.00112 1
2 0.12989 0.5 0.00126 1
2 0.1361 0.5 0.00516 1
2 0.14005 0.5 0.00058 1
11 0.1677 0.5 0.01088 1
11 0.22534 0.5 0.10476 1
11 0.27961 0.5 0.00338 1
11 0.29111 0.5 0.00202 1
11 0.30162 0.5 0.01028 1
11 0.30741 0.5 0.00186 1
2 0.31041 0.5 0.0035 1
2 0.3136 0.5 0.00112 1
2 0.32042 0.5 0.00628 1
2 0.32496 0.5 0.00064 1
2 0.35748 0.5 0.001 1
2 0.36109 0.5 0.00618 1
2 0.36466 0.5 0.00092 1
2 0.37196 0.5 0.00356 1
11 0.37671 0.5 0.00482 1
11 0.3815 0.5 0.00364 1
11 0.40105 0.5 0.00422 1
2 0.40669 0.5 0.00702 1
2 0.43468 0.5 0.00884 1
2 0.45557 0.5 0.00222 1
2 0.46095 0.5 0.0007 1
2 0.46478 0.5 0.00252 1
2 0.59643 0.5 0.0287 1
13 0.71162 0.5 0.00712 1
13 0.72153 0.5 0.01266 1
2 0.83106 0.5 0.00184 1
4 0.45258 0.5 0.00372 1
4 0.47753 0.5 0.0045 1
4 0.4882 0.5 0.00108 1
4 0.49229 0.5 0.00706 1
4 0.52471 0.5 0.00086 1
4 0.53337 0.5 0.01142 1
4 0.53995 0.5 0.00166 1
4 0.56712 0.5 0.00104 1
4 0.57031 0.5 0.00414 1
4 0.83496 0.5 0.00596 1
4 0.85338 0.5 0.01644 1
4 0.88602 0.5 0.04856 1
4 0.91629 0.5 0.0083 1
4 0.92725 0.5 0.01342 1
4 0.93787 0.5 0.00566 1
4 0.96681 0.5 0.0033 1
18 0.41283 0.5 0.00138 1
18 0.41962 0.5 0.00096 1
18 0.44015 0.5 0.0007 1
