0 0.68147 0.5 0.00246 1
2 0.08741 0.5 0.0023 1
2 0.1893 0.5 0.00268 1
2 0.19258 0.5 0.00376 1
12 0.30371 0.5 0.00134 1
13 0.3056 0.5 0.00164 1
13 0.32308 0.5 0.0026 1
13 0.3256 0.5 0.00236 1
5 0.34472 0.5 0.0196 1
5 0.44222 0.5 0.001 1
5 0.44664 0.5 0.00624 1
15 0.45275 0.5 0.00558 1
2 0.45877 0.5 0.00126 1
2 0.69311 0.5 0.00258 1
25 0.803 0.5 0.00232 1
16 0.95263 0.5 0.00318 1
16 0.95376 0.5 0.0012 1
16 0.96652 0.5 0.00416 1
24 0.06794 0.5 0.00344 1
24 0.6028 0.5 0.04856 1
4 0.56744 0.5 0.00196 1
18 0.04723 0.5 0.00066 1
18 0.09766 0.5 0.00072 1
18 0.1659 0.5 0.00056 1
18 0.22773 0.5 0.00198 1
18 0.29832 0.5 0.0016 1
18 0.40993 0.5 0.00086 1
18 0.4562 0.5 0.00064 1
18 0.73781 0.5 0.00138 1
18 0.82584 0.5 0.00124 1
