21 0.07819 0.5 0.02418 1
21 0.13496 0.5 0.00928 1
21 0.15046 0.5 0.0224 1
21 0.28828 0.5 0.00648 1
21 0.30292 0.5 0.02276 1
21 0.3269 0.5 0.02516 1
21 0.36115 0.5 0.04318 1
21 0.3955 0.5 0.02388 1
21 0.42006 0.5 0.02504 1
21 0.43904 0.5 0.01288 1
21 0.46209 0.5 0.03318 1
21 0.48842 0.5 0.01944 1
21 0.73577 0.5 0.0223 1
8 0.74419 0.5 0.00826 1
21 0.75194 0.5 0.00996 1
0 0.93735 0.5 0.00122 1
2 0.03917 0.5 0.05374 1
2 0.09094 0.5 0.0012 1
15 0.12076 0.5 0.01908 1
15 0.18254 0.5 0.04172 1
15 0.21447 0.5 0.00506 1
2 0.23018 0.5 0.00576 1
11 0.57001 0.5 0.02738 1
11 0.64912 0.5 0.1312 1
2 0.91669 0.5 0.00742 1
2 0.96491 0.5 0.04438 1
24 0.27921 0.5 0.01158 1
24 0.52712 0.5 0.05792 1
24 0.71965 0.5 0.00982 1
24 0.76149 0.5 0.00702 1
24 0.77423 0.5 0.00802 1
24 0.80271 0.5 0.02302 1
24 0.84085 0.5 0.01546 1
4 0.99878 0.5 0.00868 1
