8 0.25352 0.5 0.00376 1
8 0.26003 0.5 0.0089 1
8 0.27026 0.5 0.00924 1
8 0.30807 0.5 0.00106 1
8 0.31199 0.5 0.0019 1
25 0.00603 0.5 0.0037 1
25 0.01725 0.5 0.01042 1
6 0.41921 0.5 0.00518 1
15 0.5301 0.5 0.00776 1
5 0.55716 0.5 0.00232 1
5 0.56492 0.5 0.00208 1
15 0.80337 0.5 0.01186 1
6 0.89364 0.5 0.0036 1
24 0.36415 0.5 0.00258 1
1 0.97557 0.5 0.00074 1
18 0.1375 0.5 0.00096 1
18 0.40419 0.5 0.00094 1
18 0.42999 0.5 0.00062 1
18 0.45766 0.5 0.00088 1
18 0.52476 0.5 0.00112 1
18 0.59013 0.5 0.00178 1
