21 0.34627 0.5 0.02294 1
21 0.36825 0.5 0.0217 1
21 0.38838 0.5 0.01888 1
21 0.41521 0.5 0.03538 1
21 0.43688 0.5 0.0054 1
21 0.45119 0.5 0.02318 1
21 0.47312 0.5 0.02116 1
21 0.49299 0.5 0.01886 1
21 0.51981 0.5 0.03538 1
21 0.54124 0.5 0.0054 1
21 0.55555 0.5 0.02318 1
21 0.59431 0.5 0.05482 1
21 0.65007 0.5 0.05698 1
21 0.68203 0.5 0.0067 1
21 0.8811 0.5 0.02296 1
21 0.9071 0.5 0.00512 1
21 0.91188 0.5 0.00328 1
21 0.91484 0.5 0.0026 1
21 0.91835 0.5 0.00446 1
8 0.92045 0.5 0.00026 1
21 0.93865 0.5 0.0361 1
21 0.95768 0.5 0.00192 1
21 1.01869 0.5 0.12014 1
2 0.23092 0.5 0.00324 1
11 0.26452 0.5 0.00268 1
11 0.2827 0.5 0.0022 1
2 0.29649 0.5 0.00398 1
2 0.3139 0.5 0.0094 1
2 0.69064 0.5 0.00284 1
24 0.75263 0.5 0.08258 1
24 0.80329 0.5 0.0037 1
24 0.82069 0.5 0.01546 1
4 0.22316 0.5 0.00444 1
18 0.26858 0.5 0.00104 1
18 0.27644 0.5 0.00148 1
18 0.70432 0.5 0.00104 1
