8 0.04432 0.5 0.07736 1
8 0.08485 0.5 0.00366 1
8 0.76468 0.5 0.011 1
8 0.81763 0.5 0.09486 1
8 0.87059 0.5 0.01102 1
8 0.96639 0.5 0.00258 1
2 0.19729 0.5 0.0023 1
2 0.57073 0.5 0.00378 1
25 0.57702 0.5 0.00656 1
12 0.62167 0.5 0.0021 1
2 0.98562 0.5 0.01012 1
24 0.11952 0.5 0.00116 1
24 0.39944 0.5 0.0042 1
24 0.75295 0.5 0.01242 1
24 0.89189 0.5 0.03154 1
24 0.91467 0.5 0.01402 1
4 0.09321 0.5 0.01298 1
4 0.24622 0.5 0.09548 1
4 0.34564 0.5 0.10196 1
4 0.40444 0.5 0.00492 1
4 0.47829 0.5 0.00406 1
4 0.50319 0.5 0.00178 1
4 0.51338 0.5 0.01968 1
4 0.65285 0.5 0.0021 1
18 0.60369 0.5 0.00418 1
18 0.6394 0.5 0.00132 1
18 0.71955 0.5 0.00314 1
18 0.9586 0.5 0.00124 1
