21 0.02868 0.5 0.04412 1
21 0.10536 0.5 0.1102 1
21 0.18993 0.5 0.05466 1
21 0.2223 0.5 0.01004 1
21 0.23061 0.5 0.00654 1
21 0.24945 0.5 0.0323 1
21 0.27062 0.5 0.00936 1
21 0.28157 0.5 0.00894 1
21 0.29524 0.5 0.01864 1
2 0.32973 0.5 0.04202 1
2 0.38751 0.5 0.00222 1
2 0.53865 0.5 0.03198 1
2 0.56194 0.5 0.00204 1
2 0.56597 0.5 0.00346 1
24 0.42125 0.5 0.0133 1
24 0.44736 0.5 0.01632 1
24 0.48287 0.5 0.05338 1
24 0.51286 0.5 0.00192 1
4 0.68767 0.5 0.00434 1
4 0.83822 0.5 0.2696 1
4 0.99627 0.5 0.0043 1
4 1.00105 0.5 0.00594 1
18 0.51541 0.5 0.00098 1
