8 0.20838 0.5 0.00636 1
21 0.73025 0.5 0.04098 1
21 0.8392 0.5 0.02344 1
21 0.85781 0.5 0.00426 1
2 0.02282 0.5 0.0024 1
2 0.14185 0.5 0.01038 1
2 0.14699 0.5 0.00078 1
2 0.14733 0.5 0.00098 1
3 0.18396 0.5 0.00116 1
16 0.18611 0.5 0.0041 1
3 0.1878 0.5 0.0066 1
3 0.19516 0.5 0.00116 1
6 0.24138 0.5 0.00496 1
2 0.32777 0.5 0.00438 1
2 0.35462 0.5 0.01172 1
5 0.49878 0.5 0.00524 1
5 0.50411 0.5 0.00294 1
2 0.55137 0.5 0.00114 1
12 0.66496 0.5 0.00196 1
25 0.66825 0.5 0.00274 1
13 0.79688 0.5 0.00752 1
13 0.80359 0.5 0.00414 1
25 0.86722 0.5 0.00192 1
24 0.08055 0.5 0.1121 1
24 0.81134 0.5 0.00852 1
24 0.9408 0.5 0.00572 1
4 0.91878 0.5 0.00204 1
4 0.98282 0.5 0.0438 1
18 0.45802 0.5 0.0008 1
