21 0.13889 0.5 0.00898 1
21 0.14553 0.5 0.00282 1
21 0.15737 0.5 0.01982 1
21 0.17078 0.5 0.00652 1
21 0.17668 0.5 0.00508 1
21 0.18371 0.5 0.00478 1
21 0.18806 0.5 0.00292 1
21 0.23458 0.5 0.00192 1
21 0.23992 0.5 0.00856 1
0 0.35971 0.5 0.00202 1
0 0.36352 0.5 0.00636 1
0 0.36783 0.5 0.00222 1
0 0.37202 0.5 0.00612 1
8 0.44792 0.5 0.00436 1
8 0.45287 0.5 0.0055 1
11 0.12644 0.5 0.01548 1
11 0.26548 0.5 0.00228 1
11 0.31277 0.5 0.00242 1
11 0.3163 0.5 0.00244 1
25 0.39395 0.5 0.00922 1
15 0.43091 0.5 0.02826 1
15 0.50688 0.5 0.00196 1
25 0.57478 0.5 0.00256 1
11 0.73219 0.5 0.06314 1
11 0.76928 0.5 0.01128 1
24 0.04484 0.5 0.01852 1
24 0.21372 0.5 0.00476 1
24 0.53504 0.5 0.00348 1
4 0.21787 0.5 0.00998 1
4 0.22574 0.5 0.00156 1
4 0.60018 0.5 0.00492 1
4 0.60311 0.5 0.00102 1
4 0.61254 0.5 0.01768 1
4 0.63229 0.5 0.02178 1
4 0.65225 0.5 0.0141 1
4 0.66198 0.5 0.00116 1
4 0.66512 0.5 0.00524 1
4 0.98806 0.5 0.0118 1
4 0.99974 0.5 0.00816 1
18 0.47012 0.5 0.00104 1
18 0.78494 0.5 0.002 1
