8 0.20127 0.5 0.00498 1
8 0.21281 0.5 0.0037 1
8 0.22216 0.5 0.01496 1
8 0.23133 0.5 0.00098 1
21 0.24333 0.5 0.0229 1
21 0.2577 0.5 0.00708 1
21 0.26399 0.5 0.00414 1
21 0.27378 0.5 0.015 1
21 0.29625 0.5 0.02978 1
21 0.33067 0.5 0.03694 1
21 0.36589 0.5 0.03346 1
21 0.40405 0.5 0.04282 1
21 0.42896 0.5 0.00664 1
21 0.44123 0.5 0.01786 1
21 0.58179 0.5 0.00642 1
21 0.75486 0.5 0.00148 1
21 0.76399 0.5 0.01418 1
21 0.77553 0.5 0.0019 1
21 0.77813 0.5 0.00342 1
21 0.78206 0.5 0.003 1
21 0.78716 0.5 0.00196 1
21 0.93293 0.5 0.0047 1
21 0.95814 0.5 0.0106 1
21 0.9834 0.5 0.0178 1
2 0.18329 0.5 0.0015 1
3 0.52841 0.5 0.00398 1
6 0.57062 0.5 0.00524 1
3 0.87408 0.5 0.00648 1
15 0.87679 0.5 0.0017 1
24 0.19466 0.5 0.0082 1
4 0.45337 0.5 0.00534 1
4 0.49422 0.5 0.02216 1
4 0.61581 0.5 0.00462 1
4 0.6304 0.5 0.00144 1
4 0.69102 0.5 0.0198 1
4 0.73623 0.5 0.00082 1
18 0.09549 0.5 0.00166 1
18 0.15904 0.5 0.00252 1
18 0.51721 0.5 0.0009 1
