21 0.08898 0.5 0.02356 1
21 0.27572 0.5 0.00708 1
21 0.30095 0.5 0.0013 1
21 0.72023 0.5 0.00538 1
11 0.04473 0.5 0.01222 1
11 0.05471 0.5 0.00554 1
11 0.0631 0.5 0.00588 1
11 0.11404 0.5 0.00576 1
11 0.16444 0.5 0.00324 1
11 0.1708 0.5 0.00904 1
11 0.2201 0.5 0.07932 1
2 0.43992 0.5 0.07508 1
2 0.51172 0.5 0.06848 1
2 0.59264 0.5 0.0022 1
2 0.60531 0.5 0.00378 1
2 0.61301 0.5 0.00578 1
2 0.61946 0.5 0.00148 1
13 0.63008 0.5 0.00728 1
15 0.64024 0.5 0.013 1
15 0.65059 0.5 0.00274 1
15 0.65211 0.5 0.00134 1
15 0.65353 0.5 0.0017 1
15 0.66696 0.5 0.02104 1
15 0.69341 0.5 0.0317 1
13 0.71296 0.5 0.00736 1
2 0.7248 0.5 0.00392 1
2 0.77934 0.5 0.01192 1
2 0.79018 0.5 0.00232 1
2 0.94477 0.5 0.00294 1
11 0.95419 0.5 0.00478 1
2 0.9727 0.5 0.01836 1
24 0.55223 0.5 0.0025 1
24 0.76468 0.5 0.0002 1
4 0.31564 0.5 0.00856 1
4 0.32961 0.5 0.00546 1
4 0.33346 0.5 0.0014 1
4 0.37671 0.5 0.0039 1
4 0.38779 0.5 0.00342 1
4 0.54943 0.5 0.00198 1
4 0.56722 0.5 0.00188 1
4 0.56844 0.5 0.00036 1
4 0.73126 0.5 0.00684 1
4 0.74665 0.5 0.01126 1
4 0.75783 0.5 0.01074 1
4 0.76599 0.5 0.00238 1
4 0.77103 0.5 0.00458 1
4 0.78652 0.5 0.0024 1
4 0.99804 0.5 0.00276 1
18 0.03315 0.5 0.00062 1
