21 0.00752 0.5 0.00296 1
21 0.01113 0.5 0.00426 1
21 0.01817 0.5 0.00978 1
21 0.02444 0.5 0.00256 1
21 0.03862 0.5 0.02572 1
21 0.10188 0.5 0.10128 1
21 0.16536 0.5 0.02572 1
21 0.18279 0.5 0.00622 1
21 0.18705 0.5 0.00226 1
21 0.24058 0.5 0.00996 1
21 0.24669 0.5 0.00222 1
21 0.3002 0.5 0.00996 1
21 0.30631 0.5 0.00222 1
21 0.35982 0.5 0.00996 1
21 0.36593 0.5 0.00222 1
21 0.41944 0.5 0.00996 1
21 0.42555 0.5 0.00222 1
21 0.47943 0.5 0.01262 1
21 0.52446 0.5 0.0008 1
21 0.52999 0.5 0.01022 1
21 0.57514 0.5 0.08004 1
21 0.62831 0.5 0.02634 1
21 0.65219 0.5 0.02138 1
21 0.68308 0.5 0.04036 1
21 0.7041 0.5 0.00164 1
21 0.71428 0.5 0.01868 1
2 0.78592 0.5 0.0018 1
2 0.78627 0.5 0.00186 1
2 0.78906 0.5 0.0016 1
2 0.79601 0.5 0.00318 1
2 0.80117 0.5 0.00746 1
2 0.81574 0.5 0.00272 1
24 0.72594 0.5 0.0046 1
24 0.74552 0.5 0.0278 1
18 0.96123 0.5 0.00066 1
