8 0.25224 0.5 0.0034 1
8 0.29856 0.5 0.0892 1
8 0.34488 0.5 0.0034 1
8 0.61721 0.5 0.00294 1
8 0.66348 0.5 0.08956 1
8 0.70989 0.5 0.00322 1
21 0.82096 0.5 0.00116 1
15 0.38092 0.5 0.0098 1
15 0.40359 0.5 0.0243 1
15 0.428 0.5 0.02476 1
2 0.50107 0.5 0.00214 1
2 0.50394 0.5 0.00128 1
2 0.50708 0.5 0.00464 1
2 0.50893 0.5 0.00134 1
25 0.81383 0.5 0.00758 1
25 0.81987 0.5 0.00294 1
2 0.90452 0.5 0.00952 1
24 0.00132 0.5 0.00124 1
24 0.44542 0.5 0.00824 1
24 0.60356 0.5 0.00192 1
24 0.60828 0.5 0.00224 1
24 0.77394 0.5 0.00704 1
24 0.91749 0.5 0.0015 1
24 0.92057 0.5 0.00102 1
4 0.02184 0.5 0.04168 1
4 0.46257 0.5 0.00858 1
4 0.84293 0.5 0.02694 1
4 0.85775 0.5 0.0027 1
4 0.91037 0.5 0.0023 1
18 0.51439 0.5 0.00078 1
18 0.61314 0.5 0.00096 1
18 0.71233 0.5 0.00138 1
18 0.78143 0.5 0.0009 1
18 0.78707 0.5 0.00134 1
18 0.80078 0.5 0.00112 1
