21 0.08753 0.5 0.00162 1
21 0.09693 0.5 0.01446 1
8 0.11433 0.5 0.0043 1
21 0.16361 0.5 0.03338 1
21 0.18959 0.5 0.01718 1
21 0.20328 0.5 0.01016 1
21 0.21693 0.5 0.0171 1
21 0.25962 0.5 0.02496 1
8 0.35196 0.5 0.02624 1
21 0.36813 0.5 0.00558 1
21 0.38186 0.5 0.01424 1
21 0.39906 0.5 0.01984 1
21 0.41998 0.5 0.02304 1
8 0.49816 0.5 0.00804 1
8 0.54384 0.5 0.08328 1
8 0.58957 0.5 0.00814 1
21 0.7245 0.5 0.02416 1
8 0.73782 0.5 0.00244 1
21 0.74223 0.5 0.00634 1
8 0.77448 0.5 0.00776 1
8 0.82324 0.5 0.08972 1
8 0.872 0.5 0.00776 1
8 0.87938 0.5 0.00696 1
13 0.00598 0.5 0.00208 1
13 0.01805 0.5 0.00406 1
11 0.02488 0.5 0.00696 1
2 0.62015 0.5 0.0025 1
2 0.65374 0.5 0.00388 1
2 0.68035 0.5 0.01502 1
3 0.95769 0.5 0.00266 1
24 0.13092 0.5 0.01572 1
24 0.23636 0.5 0.02152 1
24 0.28447 0.5 0.02366 1
24 0.31337 0.5 0.03422 1
24 0.33641 0.5 0.00474 1
24 0.44075 0.5 0.00342 1
24 0.49245 0.5 0.00194 1
24 0.6644 0.5 0.00488 1
4 0.01159 0.5 0.00866 1
4 0.48365 0.5 0.0161 1
4 0.49291 0.5 0.00242 1
4 0.59405 0.5 0.00078 1
4 0.60373 0.5 0.01794 1
4 0.61548 0.5 0.00544 1
4 0.61842 0.5 0.001 1
4 0.64118 0.5 0.00968 1
4 0.96152 0.5 0.00276 1
4 0.9763 0.5 0.00468 1
4 0.9898 0.5 0.00236 1
18 0.46233 0.5 0.0007 1
18 0.90675 0.5 0.00086 1
