21 0.27838 0.5 0.0274 1
21 0.33605 0.5 0.02418 1
21 0.35156 0.5 0.00672 1
2 0.01344 0.5 0.00412 1
2 0.03797 0.5 0.0239 1
2 0.08054 0.5 0.01044 1
2 0.0848 0.5 0.00312 1
11 0.25088 0.5 0.00344 1
13 0.29903 0.5 0.00246 1
13 0.30327 0.5 0.0027 1
2 0.36196 0.5 0.00596 1
15 0.40289 0.5 0.06998 1
2 0.4494 0.5 0.00608 1
11 0.67222 0.5 0.18672 1
6 0.84041 0.5 0.00522 1
6 0.86089 0.5 0.00478 1
5 0.86778 0.5 0.00348 1
2 0.92282 0.5 0.0024 1
24 0.11885 0.5 0.01346 1
24 0.13423 0.5 0.00846 1
24 0.14133 0.5 0.00214 1
24 0.18539 0.5 0.08114 1
24 0.78102 0.5 0.0064 1
24 0.98055 0.5 0.1121 1
1 0.80579 0.5 0.00334 1
4 0.2319 0.5 0.00144 1
4 0.8175 0.5 0.00648 1
4 0.82441 0.5 0.0075 1
18 0.24663 0.5 0.00086 1
18 0.55554 0.5 0.00068 1
18 0.79712 0.5 0.00072 1
18 0.88991 0.5 0.00078 1
