21 0.0505 0.5 0.01028 1
21 0.07243 0.5 0.03346 1
21 0.11142 0.5 0.04356 1
21 0.14805 0.5 0.02962 1
21 0.16804 0.5 0.01032 1
8 0.49228 0.5 0.00592 1
8 0.49563 0.5 0.00066 1
8 0.50529 0.5 0.0189 1
8 0.5157 0.5 0.00224 1
8 0.5291 0.5 0.0028 1
21 0.53505 0.5 0.00218 1
21 0.55185 0.5 0.00546 1
21 0.56109 0.5 0.00078 1
21 0.56315 0.5 0.00222 1
8 0.59231 0.5 0.00406 1
21 0.59755 0.5 0.00202 1
8 0.60831 0.5 0.01674 1
8 0.61802 0.5 0.0026 1
21 0.72789 0.5 0.02018 1
8 0.75981 0.5 0.04398 1
8 0.78776 0.5 0.01172 1
21 0.84847 0.5 0.0153 1
21 0.85678 0.5 0.00128 1
21 0.92079 0.5 0.0237 1
11 0.22129 0.5 0.03102 1
11 0.27452 0.5 0.07328 1
2 0.62032 0.5 0.00184 1
15 0.66713 0.5 0.01574 1
2 0.69321 0.5 0.00406 1
2 0.71623 0.5 0.00274 1
11 0.81729 0.5 0.04698 1
11 0.86595 0.5 0.01702 1
25 0.88011 0.5 0.0093 1
15 0.89148 0.5 0.00404 1
15 0.90062 0.5 0.00244 1
24 0.45946 0.5 0.0014 1
24 0.97199 0.5 0.04178 1
24 0.9946 0.5 0.003 1
4 0.17515 0.5 0.0015 1
4 0.18256 0.5 0.00628 1
4 0.20361 0.5 0.00534 1
4 0.32637 0.5 0.00086 1
4 0.32847 0.5 0.0035 1
4 0.46514 0.5 0.0118 1
4 0.48132 0.5 0.00104 1
4 0.64174 0.5 0.00368 1
4 0.65173 0.5 0.01502 1
4 0.67773 0.5 0.00538 1
4 0.68356 0.5 0.006 1
4 0.6888 0.5 0.00388 1
18 0.43131 0.5 0.00074 1
18 0.472 0.5 0.00148 1
18 0.58276 0.5 0.00092 1
