8 0.41901 0.5 0.0015 1
8 0.46499 0.5 0.00354 1
21 0.84959 0.5 0.00194 1
21 0.85692 0.5 0.00184 1
2 0.86136 0.5 0.0068 1
15 0.89298 0.5 0.00032 1
24 0.95075 0.5 0.00862 1
4 0.71729 0.5 0.00154 1
4 0.89186 0.5 0.00188 1
4 0.89551 0.5 0.00678 1
18 0.11948 0.5 0.00072 1
18 0.2365 0.5 0.00072 1
18 0.5047 0.5 0.0008 1
18 0.5091 0.5 0.00056 1
18 0.53007 0.5 0.00094 1
18 0.53291 0.5 0.00106 1
18 0.63901 0.5 0.00074 1
18 0.64873 0.5 0.00074 1
18 0.68168 0.5 0.00172 1
18 0.73176 0.5 0.00068 1
18 0.76435 0.5 0.00098 1
18 0.91152 0.5 0.00164 1
18 0.99986 0.5 0.0012 1
