8 0.2156 0.5 0.00592 1
8 0.24991 0.5 0.06266 1
8 0.28429 0.5 0.00606 1
21 0.29876 0.5 0.00612 1
21 0.53874 0.5 0.01284 1
21 0.55678 0.5 0.0232 1
21 0.57105 0.5 0.0053 1
21 0.59365 0.5 0.03986 1
2 0.20846 0.5 0.0034 1
2 0.21111 0.5 0.00302 1
2 0.2914 0.5 0.00188 1
2 0.37733 0.5 0.0059 1
2 0.48222 0.5 0.0022 1
2 0.48457 0.5 0.0019 1
2 0.48962 0.5 0.00872 1
2 0.49685 0.5 0.0019 1
11 0.62768 0.5 0.01124 1
11 0.65096 0.5 0.02664 1
11 0.66679 0.5 0.00378 1
2 0.68492 0.5 0.01032 1
2 0.69561 0.5 0.0103 1
5 0.73424 0.5 0.00512 1
5 0.7658 0.5 0.02664 1
15 0.8085 0.5 0.00408 1
2 0.82955 0.5 0.0379 1
15 0.85135 0.5 0.00566 1
6 0.96341 0.5 0.00494 1
5 0.97054 0.5 0.00876 1
2 1.0022 0.5 0.00476 1
4 0.78771 0.5 0.00142 1
4 0.79378 0.5 0.00768 1
4 0.79943 0.5 0.00214 1
4 0.9604 0.5 0.00104 1
4 0.98257 0.5 0.0155 1
18 0.39431 0.5 0.00102 1
18 0.44529 0.5 0.00066 1
18 0.5232 0.5 0.00076 1
18 0.71784 0.5 0.00132 1
