21 0.04075 0.5 0.00614 1
21 0.06322 0.5 0.00328 1
21 0.07198 0.5 0.0078 1
21 0.1237 0.5 0.00688 1
21 0.13712 0.5 0.01356 1
21 0.14914 0.5 0.00728 1
21 0.17208 0.5 0.00328 1
21 0.18136 0.5 0.00884 1
21 0.19425 0.5 0.0167 1
21 0.23286 0.5 0.00316 1
21 0.25004 0.5 0.03116 1
21 0.28376 0.5 0.03624 1
21 0.30805 0.5 0.0123 1
21 0.31659 0.5 0.00526 1
21 0.33234 0.5 0.00464 1
21 0.40241 0.5 0.09054 1
8 0.49278 0.5 0.01092 1
21 0.51096 0.5 0.0254 1
21 0.54244 0.5 0.0344 1
21 0.56089 0.5 0.00134 1
21 0.57385 0.5 0.0243 1
21 0.5946 0.5 0.01836 1
21 0.60533 0.5 0.00178 1
21 0.60785 0.5 0.0009 1
21 0.60809 0.5 0.00106 1
21 0.61243 0.5 0.00526 1
21 0.61727 0.5 0.0043 1
21 0.62225 0.5 0.00598 1
21 0.62623 0.5 0.00074 1
0 0.64197 0.5 0.00126 1
0 0.65169 0.5 0.00122 1
0 0.66129 0.5 0.00142 1
21 0.89213 0.5 0.0355 1
15 0.02988 0.5 0.00312 1
25 0.15507 0.5 0.00062 1
11 0.20579 0.5 0.0039 1
15 0.32139 0.5 0.0031 1
15 0.33649 0.5 0.0033 1
15 0.35337 0.5 0.00234 1
15 0.35681 0.5 0.0011 1
11 0.47155 0.5 0.03138 1
11 0.52426 0.5 0.00108 1
10 0.91792 0.5 0.005 1
24 0.76154 0.5 0.08388 1
24 0.82305 0.5 0.01858 1
4 0.68664 0.5 0.00184 1
4 0.69001 0.5 0.00254 1
4 0.69856 0.5 0.01436 1
4 0.7125 0.5 0.0048 1
4 0.85091 0.5 0.00194 1
4 0.8599 0.5 0.00132 1
18 0.00779 0.5 0.00118 1
18 0.02399 0.5 0.0009 1
18 0.02495 0.5 0.00098 1
18 0.05285 0.5 0.00058 1
