21 0.03882 0.5 0.00628 1
21 0.04713 0.5 0.0019 1
21 0.07258 0.5 0.00732 1
21 0.09123 0.5 0.00146 1
21 0.10075 0.5 0.0035 1
21 0.10428 0.5 0.00176 1
8 0.17655 0.5 0.0153 1
8 0.2266 0.5 0.08476 1
8 0.27664 0.5 0.01528 1
21 0.30066 0.5 0.02692 1
21 0.36478 0.5 0.1012 1
21 0.42851 0.5 0.0269 1
8 0.48907 0.5 0.0303 1
8 0.52825 0.5 0.0215 1
21 0.53928 0.5 0.00296 1
21 0.54079 0.5 0.00122 1
21 0.55172 0.5 0.019 1
21 0.56431 0.5 0.0013 1
8 0.57285 0.5 0.0117 1
8 0.58926 0.5 0.0084 1
8 0.601 0.5 0.01252 1
21 0.61224 0.5 0.00948 1
21 0.63658 0.5 0.03896 1
21 0.66354 0.5 0.01492 1
21 0.70352 0.5 0.03392 1
2 0.0408 0.5 0.00828 1
3 0.16695 0.5 0.00118 1
2 0.50876 0.5 0.00212 1
2 0.50996 0.5 0.00024 1
2 0.512 0.5 0.00252 1
13 0.79966 0.5 0.00604 1
24 0.68387 0.5 0.00506 1
24 0.72727 0.5 0.0129 1
24 0.75729 0.5 0.03902 1
4 0.79343 0.5 0.00394 1
4 0.92129 0.5 0.1325 1
4 1.00587 0.5 0.03754 1
