21 0.04811 0.5 0.00338 1
21 0.06255 0.5 0.01854 1
21 0.07553 0.5 0.0071 1
21 0.09657 0.5 0.0349 1
21 0.11763 0.5 0.00718 1
21 0.1328 0.5 0.02412 1
21 0.24486 0.5 0.03564 1
21 0.26468 0.5 0.00396 1
21 0.27013 0.5 0.00726 1
21 0.27689 0.5 0.00622 1
21 0.29524 0.5 0.03064 1
21 0.32106 0.5 0.02064 1
21 0.68688 0.5 0.03352 1
2 0.02408 0.5 0.00504 1
2 0.03205 0.5 0.01118 1
2 0.15857 0.5 0.0265 1
2 0.34797 0.5 0.03342 1
2 0.39594 0.5 0.06248 1
2 0.44047 0.5 0.02606 1
11 0.48363 0.5 0.05998 1
11 0.51379 0.5 0.00054 1
2 0.51728 0.5 0.006 1
2 0.53493 0.5 0.01698 1
2 0.54112 0.5 0.00996 1
2 0.55147 0.5 0.00846 1
2 0.55827 0.5 0.00434 1
2 0.57312 0.5 0.02408 1
2 0.61683 0.5 0.0635 1
2 0.65022 0.5 0.0034 1
2 0.6608 0.5 0.0186 1
2 0.71014 0.5 0.01296 1
2 0.82174 0.5 0.00648 1
2 0.82859 0.5 0.00718 1
2 0.83817 0.5 0.01254 1
2 0.86472 0.5 0.02516 1
2 0.87925 0.5 0.00306 1
2 0.88197 0.5 0.0011 1
2 0.88321 0.5 0.00142 1
2 0.8882 0.5 0.00288 1
11 0.94081 0.5 0.10094 1
11 0.99317 0.5 0.00338 1
24 0.1969 0.5 0.00104 1
4 0.17287 0.5 0.00206 1
4 0.19757 0.5 0.00214 1
4 0.22153 0.5 0.00202 1
4 0.22364 0.5 0.00196 1
4 0.71937 0.5 0.00518 1
