8 0.03349 0.5 0.00134 1
8 0.04248 0.5 0.00112 1
8 0.04651 0.5 0.00106 1
8 0.06104 0.5 0.00088 1
25 0.05305 0.5 0.00054 1
15 0.05558 0.5 0.00448 1
25 0.06811 0.5 0.00054 1
15 0.07058 0.5 0.00436 1
25 0.07294 0.5 0.00032 1
15 0.07487 0.5 0.0033 1
15 0.09633 0.5 0.0083 1
5 0.27767 0.5 0.02398 1
2 0.45808 0.5 0.00104 1
25 0.46283 0.5 0.00826 1
25 0.48925 0.5 0.00978 1
2 0.4948 0.5 0.00128 1
2 0.49612 0.5 0.00132 1
2 0.66307 0.5 0.00114 1
2 0.87832 0.5 0.3062 1
4 0.08434 0.5 0.0156 1
4 0.53375 0.5 0.0483 1
4 0.68867 0.5 0.00586 1
4 0.70512 0.5 0.0082 1
4 0.71 0.5 0.00096 1
4 0.72442 0.5 0.00156 1
18 0.47751 0.5 0.00098 1
