21 0.49443 0.5 0.00578 1
21 0.50861 0.5 0.00766 1
21 0.5306 0.5 0.0024 1
21 0.55412 0.5 0.03912 1
21 0.5898 0.5 0.00788 1
21 0.76053 0.5 0.03274 1
21 0.77992 0.5 0.00232 1
21 0.79647 0.5 0.01314 1
21 0.84914 0.5 0.00624 1
21 0.85664 0.5 0.00324 1
21 0.88572 0.5 0.01172 1
21 0.89411 0.5 0.00486 1
21 0.90158 0.5 0.01004 1
21 0.92868 0.5 0.04412 1
21 1.00536 0.5 0.1102 1
2 0.11458 0.5 0.12972 1
2 0.22854 0.5 0.0992 1
2 0.27881 0.5 0.00146 1
5 0.30021 0.5 0.00298 1
2 0.42011 0.5 0.00318 1
25 0.42493 0.5 0.0059 1
17 0.46444 0.5 0.00224 1
2 0.74371 0.5 0.00078 1
24 0.63745 0.5 0.0011 1
24 0.70957 0.5 0.00598 1
4 0.30863 0.5 0.00266 1
4 0.31709 0.5 0.0057 1
4 0.32937 0.5 0.01906 1
4 0.35163 0.5 0.00286 1
4 0.36708 0.5 0.00344 1
4 0.38313 0.5 0.00278 1
4 0.38602 0.5 0.00216 1
4 0.63008 0.5 0.01408 1
4 0.64495 0.5 0.01574 1
4 0.65488 0.5 0.00364 1
4 0.65723 0.5 0.00106 1
4 0.65881 0.5 0.00222 1
4 0.67325 0.5 0.02734 1
18 0.37918 0.5 0.00104 1
