21 0.36013 0.5 0.00718 1
21 0.37501 0.5 0.00214 1
8 0.72027 0.5 0.00498 1
8 0.76818 0.5 0.0908 1
8 0.81609 0.5 0.00498 1
5 0.04784 0.5 0.00152 1
25 0.10011 0.5 0.00238 1
11 0.29025 0.5 0.0323 1
11 0.309 0.5 0.00152 1
25 0.37196 0.5 0.00392 1
24 0.89462 0.5 0.01344 1
24 0.9241 0.5 0.04064 1
24 0.95751 0.5 0.01422 1
24 0.98053 0.5 0.01214 1
4 0.37891 0.5 0.00714 1
4 0.38434 0.5 0.00364 1
4 0.3876 0.5 0.00136 1
18 0.03272 0.5 0.00072 1
18 0.10842 0.5 0.00076 1
18 0.13477 0.5 0.00074 1
18 0.32954 0.5 0.00056 1
18 0.4633 0.5 0.001 1
18 0.53917 0.5 0.00082 1
18 0.83559 0.5 0.00066 1
