0 0.03735 0.5 0.00122 1
8 0.16398 0.5 0.00092 1
8 0.19504 0.5 0.00216 1
8 0.23281 0.5 0.07334 1
8 0.27101 0.5 0.00302 1
8 0.29263 0.5 0.0013 1
8 0.3069 0.5 0.00804 1
8 0.31788 0.5 0.00224 1
21 0.33076 0.5 0.02348 1
21 0.34999 0.5 0.01494 1
8 0.3793 0.5 0.04388 1
8 0.42494 0.5 0.0338 1
8 0.44651 0.5 0.00438 1
8 0.44932 0.5 0.00124 1
8 0.55418 0.5 0.00216 1
21 0.84097 0.5 0.04046 1
2 0.01669 0.5 0.00742 1
2 0.06491 0.5 0.04438 1
25 0.29811 0.5 0.0095 1
11 0.45879 0.5 0.0095 1
2 0.54034 0.5 0.01176 1
6 0.63376 0.5 0.00292 1
2 0.7291 0.5 0.0254 1
2 0.78121 0.5 0.07902 1
2 0.92428 0.5 0.12608 1
2 0.99695 0.5 0.00146 1
24 0.28661 0.5 0.00354 1
24 0.57799 0.5 0.00214 1
23 0.66227 0.5 0.0029 1
4 0.09878 0.5 0.00868 1
4 0.16703 0.5 0.00526 1
4 0.18187 0.5 0.02426 1
4 0.99022 0.5 0.00272 1
