8 0.62799 0.5 0.01974 1
8 0.64655 0.5 0.01734 1
8 0.6804 0.5 0.05032 1
8 0.72424 0.5 0.00424 1
8 0.73188 0.5 0.01104 1
8 0.8081 0.5 0.00364 1
8 0.85646 0.5 0.09304 1
8 0.9045 0.5 0.003 1
21 0.97599 0.5 0.02274 1
15 0.08773 0.5 0.0021 1
15 0.14317 0.5 0.00586 1
13 0.15758 0.5 0.00712 1
2 0.26856 0.5 0.00448 1
15 0.27227 0.5 0.00622 1
15 0.39457 0.5 0.00886 1
2 0.58328 0.5 0.00384 1
3 0.59035 0.5 0.01034 1
5 0.61499 0.5 0.00478 1
6 0.7981 0.5 0.0036 1
11 0.92127 0.5 0.00454 1
24 0.38485 0.5 0.0105 1
24 0.52762 0.5 0.00096 1
4 0.08804 0.5 0.00244 1
4 0.14368 0.5 0.00624 1
4 0.59889 0.5 0.0067 1
4 0.60952 0.5 0.001 1
4 0.70825 0.5 0.00542 1
4 0.71754 0.5 0.00916 1
18 0.1274 0.5 0.00068 1
18 0.75821 0.5 0.00154 1
