8 0.02832 0.5 0.00872 1
8 0.03376 0.5 0.00188 1
8 0.06371 0.5 0.00218 1
2 0.38956 0.5 0.00964 1
2 0.39752 0.5 0.00704 1
2 0.40342 0.5 0.00396 1
2 0.44977 0.5 0.00474 1
2 0.46657 0.5 0.00478 1
2 0.59649 0.5 0.00242 1
2 0.68421 0.5 0.16066 1
2 0.76838 0.5 0.00792 1
2 0.78822 0.5 0.03184 1
2 0.8265 0.5 0.04488 1
2 0.96371 0.5 0.00162 1
25 0.96482 0.5 0.00056 1
2 0.98199 0.5 0.00082 1
24 0.1999 0.5 0.02996 1
24 0.33175 0.5 0.00486 1
24 0.52228 0.5 0.07828 1
24 0.56598 0.5 0.00248 1
24 0.57762 0.5 0.01376 1
24 0.5891 0.5 0.00224 1
24 0.60104 0.5 0.00352 1
24 0.99718 0.5 0.00572 1
4 0.10699 0.5 0.00114 1
4 0.11422 0.5 0.00128 1
4 0.13303 0.5 0.00222 1
4 0.15532 0.5 0.00948 1
4 0.16263 0.5 0.00502 1
4 0.18088 0.5 0.00292 1
4 0.27357 0.5 0.00462 1
4 0.92198 0.5 0.00408 1
4 0.93445 0.5 0.01666 1
4 0.94589 0.5 0.0049 1
18 0.25419 0.5 0.00162 1
18 0.29882 0.5 0.00288 1
18 0.46176 0.5 0.001 1
