8 0.60702 0.5 0.01016 1
8 0.65442 0.5 0.0846 1
8 0.70182 0.5 0.01016 1
8 0.86928 0.5 0.00228 1
5 0.0355 0.5 0.009 1
15 0.05083 0.5 0.00166 1
15 0.06871 0.5 0.00454 1
2 0.07124 0.5 0.00492 1
5 0.09624 0.5 0.00292 1
5 0.09908 0.5 0.0014 1
5 0.10751 0.5 0.00806 1
5 0.11291 0.5 0.00246 1
5 0.11586 0.5 0.00168 1
2 0.12291 0.5 0.00694 1
2 0.21165 0.5 0.00694 1
2 0.22364 0.5 0.00332 1
2 0.2391 0.5 0.00236 1
2 0.24349 0.5 0.00246 1
2 0.26451 0.5 0.0027 1
2 0.26836 0.5 0.00228 1
5 0.27434 0.5 0.00812 1
5 0.27932 0.5 0.00112 1
15 0.38692 0.5 0.00532 1
15 0.43199 0.5 0.0103 1
2 0.45121 0.5 0.00554 1
15 0.57853 0.5 0.00334 1
15 0.58417 0.5 0.00666 1
24 0.16138 0.5 0.03572 1
24 0.18798 0.5 0.0046 1
24 0.90207 0.5 0.0119 1
24 0.93269 0.5 0.0363 1
24 0.96392 0.5 0.01432 1
24 0.98672 0.5 0.0126 1
4 0.40299 0.5 0.01374 1
4 0.52974 0.5 0.0156 1
18 0.22691 0.5 0.00118 1
18 0.26257 0.5 0.00066 1
18 0.45689 0.5 0.00074 1
18 0.73343 0.5 0.00074 1
