2 0.0503 0.5 0.0216 1
13 0.69027 0.5 0.00102 1
2 0.95957 0.5 0.00302 1
2 0.97189 0.5 0.00394 1
2 0.97725 0.5 0.0053 1
2 0.98122 0.5 0.00252 1
2 0.98709 0.5 0.00842 1
24 0.11092 0.5 0.00516 1
24 0.18744 0.5 0.00684 1
24 0.21101 0.5 0.02722 1
24 0.23503 0.5 0.02074 1
24 0.26189 0.5 0.01266 1
24 0.28915 0.5 0.01158 1
24 0.29901 0.5 0.00518 1
24 0.3041 0.5 0.0032 1
24 0.32997 0.5 0.03682 1
24 0.3518 0.5 0.00212 1
24 0.3572 0.5 0.002 1
24 0.45701 0.5 0.00606 1
24 0.46383 0.5 0.00326 1
24 0.49073 0.5 0.0365 1
24 0.52143 0.5 0.01574 1
24 0.54272 0.5 0.00884 1
24 0.7903 0.5 0.00724 1
4 0.00242 0.5 0.00376 1
4 0.03084 0.5 0.0076 1
4 0.72017 0.5 0.00098 1
4 0.72515 0.5 0.00354 1
4 0.73654 0.5 0.00432 1
4 0.74622 0.5 0.01168 1
4 0.78052 0.5 0.01344 1
18 0.13557 0.5 0.00078 1
