8 0.57795 0.5 0.00274 1
21 0.72414 0.5 0.00392 1
8 0.94432 0.5 0.07736 1
8 0.98485 0.5 0.00366 1
2 0.02998 0.5 0.0034 1
2 0.03503 0.5 0.00238 1
2 0.09188 0.5 0.01564 1
6 0.10676 0.5 0.00132 1
6 0.11728 0.5 0.00132 1
6 0.1278 0.5 0.00132 1
2 0.26865 0.5 0.03426 1
2 0.3318 0.5 0.01248 1
2 0.38206 0.5 0.02064 1
2 0.3988 0.5 0.00488 1
2 0.41533 0.5 0.00498 1
15 0.43481 0.5 0.00634 1
15 0.44021 0.5 0.00462 1
2 0.45374 0.5 0.00216 1
2 0.52159 0.5 0.00202 1
2 0.52518 0.5 0.0024 1
2 0.53396 0.5 0.00256 1
2 0.54063 0.5 0.00774 1
2 0.55172 0.5 0.0052 1
11 0.60218 0.5 0.04244 1
2 0.68165 0.5 0.0097 1
2 0.68893 0.5 0.00462 1
15 0.82142 0.5 0.00216 1
5 0.82981 0.5 0.01326 1
15 0.83882 0.5 0.00288 1
2 0.8521 0.5 0.00632 1
24 0.05503 0.5 0.03606 1
24 0.08023 0.5 0.00498 1
4 0.46744 0.5 0.00176 1
4 0.47372 0.5 0.00376 1
4 0.55959 0.5 0.00122 1
4 0.56611 0.5 0.0123 1
4 0.58034 0.5 0.00144 1
4 0.99321 0.5 0.01298 1
18 0.03218 0.5 0.00084 1
