21 0.18431 0.5 0.02402 1
21 0.38804 0.5 0.00256 1
21 0.61838 0.5 0.00072 1
21 0.63049 0.5 0.02338 1
21 0.68613 0.5 0.0849 1
21 0.7434 0.5 0.01936 1
21 0.76814 0.5 0.00644 1
21 0.78825 0.5 0.00302 1
21 0.79399 0.5 0.00842 1
8 0.84515 0.5 0.00154 1
21 0.84918 0.5 0.00648 1
21 0.89962 0.5 0.00632 1
8 0.92507 0.5 0.0021 1
21 0.92909 0.5 0.0059 1
11 0.14487 0.5 0.05482 1
11 0.24509 0.5 0.0975 1
5 0.39875 0.5 0.00402 1
2 0.40783 0.5 0.00878 1
2 0.41386 0.5 0.00324 1
6 0.42188 0.5 0.00496 1
25 0.44495 0.5 0.00178 1
2 0.54616 0.5 0.00336 1
25 0.60768 0.5 0.00188 1
25 0.83272 0.5 0.00192 1
2 0.85596 0.5 0.00424 1
5 0.87047 0.5 0.0039 1
5 0.8765 0.5 0.00348 1
2 1.02068 0.5 0.12836 1
24 0.0408 0.5 0.00572 1
24 0.86665 0.5 0.0011 1
4 0.01878 0.5 0.00204 1
4 0.08282 0.5 0.0438 1
4 0.29603 0.5 0.00398 1
18 0.59129 0.5 0.00042 1
