8 0.19785 0.5 0.00158 1
8 0.20003 0.5 0.00178 1
0 0.79895 0.5 0.00254 1
8 0.80555 0.5 0.0025 1
15 0.4618 0.5 0.00684 1
15 0.47318 0.5 0.01372 1
2 0.64826 0.5 0.005 1
2 0.86123 0.5 0.00226 1
17 0.98174 0.5 0.00272 1
24 0.91375 0.5 0.00282 1
4 0.05766 0.5 0.01148 1
4 0.36996 0.5 0.02012 1
4 0.65866 0.5 0.00204 1
4 0.69691 0.5 0.01038 1
4 0.72886 0.5 0.00248 1
18 0.22476 0.5 0.0008 1
18 0.56131 0.5 0.00074 1
18 0.63973 0.5 0.00062 1
18 0.70357 0.5 0.00074 1
18 0.73286 0.5 0.00104 1
18 0.87481 0.5 0.00082 1
