21 0.0884 0.5 0.14344 1
21 0.24291 0.5 0.00114 1
21 0.25426 0.5 0.00072 1
21 0.29342 0.5 0.0108 1
21 0.3009 0.5 0.0046 1
21 0.31678 0.5 0.023 1
21 0.34444 0.5 0.03332 1
21 0.36873 0.5 0.01166 1
21 0.38265 0.5 0.0147 1
21 0.39007 0.5 0.00162 1
21 0.39222 0.5 0.00428 1
21 0.40639 0.5 0.02402 1
21 0.42592 0.5 0.015 1
21 0.46347 0.5 0.00074 1
21 0.55119 0.5 0.00226 1
8 0.59632 0.5 0.00388 1
8 0.64333 0.5 0.0901 1
8 0.69034 0.5 0.00388 1
21 0.78277 0.5 0.00754 1
21 0.78759 0.5 0.00258 1
21 0.80491 0.5 0.03238 1
21 0.84013 0.5 0.03802 1
21 0.86829 0.5 0.01834 1
21 0.90701 0.5 0.05906 1
21 0.94592 0.5 0.00876 1
8 1.0 0.5 0.00784 1
25 0.25511 0.5 0.00094 1
11 0.56387 0.5 0.0051 1
4 0.55653 0.5 0.00842 1
4 0.74362 0.5 0.00116 1
4 0.75758 0.5 0.00252 1
4 0.77032 0.5 0.01724 1
18 0.70726 0.5 0.00092 1
18 0.71621 0.5 0.00182 1
