21 0.05522 0.5 0.0016 1
8 0.0729 0.5 0.00548 1
8 0.1171 0.5 0.08288 1
8 0.1613 0.5 0.00548 1
8 0.32647 0.5 0.00166 1
0 0.88177 0.5 0.0069 1
8 0.92832 0.5 0.00872 1
8 0.93376 0.5 0.00188 1
8 0.96371 0.5 0.00218 1
15 0.03201 0.5 0.00326 1
15 0.0405 0.5 0.00612 1
6 0.19805 0.5 0.00398 1
11 0.29673 0.5 0.00346 1
2 0.4775 0.5 0.00332 1
2 0.51848 0.5 0.00468 1
2 0.67676 0.5 0.18872 1
2 0.8226 0.5 0.10392 1
24 0.45496 0.5 0.01408 1
4 0.31587 0.5 0.00302 1
4 0.42886 0.5 0.01904 1
4 0.4417 0.5 0.00656 1
18 0.00625 0.5 0.00086 1
