8 0.65297 0.5 0.00622 1
8 0.80555 0.5 0.01382 1
8 0.8378 0.5 0.04976 1
8 0.86582 0.5 0.00116 1
21 0.97246 0.5 0.02388 1
21 1.01333 0.5 0.05774 1
15 0.11849 0.5 0.00894 1
15 0.20353 0.5 0.00922 1
2 0.26348 0.5 0.00168 1
25 0.40319 0.5 0.0035 1
5 0.4603 0.5 0.0016 1
6 0.46662 0.5 0.00472 1
5 0.6372 0.5 0.00228 1
5 0.64292 0.5 0.00768 1
6 0.69129 0.5 0.0057 1
2 0.95038 0.5 0.02024 1
24 0.73268 0.5 0.01136 1
24 0.7416 0.5 0.00608 1
24 0.76347 0.5 0.01262 1
24 0.78221 0.5 0.02374 1
24 0.88589 0.5 0.03658 1
4 0.01624 0.5 0.00708 1
4 0.08186 0.5 0.00344 1
4 0.25753 0.5 0.00686 1
4 0.26625 0.5 0.00402 1
4 0.27071 0.5 0.00514 1
4 0.27667 0.5 0.00778 1
4 0.58904 0.5 0.00168 1
4 0.59195 0.5 0.00382 1
4 0.92605 0.5 0.00102 1
18 0.12405 0.5 0.0009 1
18 0.32482 0.5 0.00068 1
