0 0.24142 0.5 0.00636 1
8 0.28285 0.5 0.0343 1
8 0.41332 0.5 0.00196 1
8 0.42054 0.5 0.00756 1
21 0.47606 0.5 0.02352 1
21 0.54341 0.5 0.03642 1
0 0.8153 0.5 0.00708 1
0 0.81997 0.5 0.00222 1
0 0.82464 0.5 0.00708 1
5 0.04241 0.5 0.00318 1
10 0.06905 0.5 0.0449 1
5 0.15488 0.5 0.04856 1
5 0.18368 0.5 0.00712 1
5 0.19173 0.5 0.0053 1
5 0.1992 0.5 0.006 1
5 0.20695 0.5 0.00506 1
5 0.21508 0.5 0.00552 1
2 0.22164 0.5 0.0004 1
2 0.22623 0.5 0.00874 1
2 0.23238 0.5 0.00352 1
2 0.45727 0.5 0.00586 1
2 0.50157 0.5 0.01282 1
2 0.52084 0.5 0.00788 1
2 0.66434 0.5 0.00428 1
2 0.669 0.5 0.00412 1
13 0.67788 0.5 0.0054 1
11 0.73747 0.5 0.0023 1
11 0.73842 0.5 0.00052 1
11 0.74925 0.5 0.01982 1
11 0.7594 0.5 0.00156 1
11 0.77925 0.5 0.03858 1
11 0.80163 0.5 0.00446 1
11 0.83156 0.5 0.00176 1
2 0.90215 0.5 0.07554 1
2 0.99537 0.5 0.1107 1
24 0.03689 0.5 0.00206 1
24 0.31668 0.5 0.01248 1
24 0.37091 0.5 0.07566 1
24 0.60562 0.5 0.037 1
24 0.63404 0.5 0.01548 1
24 0.673 0.5 0.0038 1
4 0.24748 0.5 0.00484 1
4 0.25222 0.5 0.0012 1
4 0.65464 0.5 0.01412 1
4 0.6721 0.5 0.00204 1
4 0.67482 0.5 0.00184 1
4 0.69515 0.5 0.00274 1
4 0.6973 0.5 0.001 1
4 0.70251 0.5 0.00818 1
4 0.71209 0.5 0.0059 1
18 0.70847 0.5 0.0011 1
18 0.72254 0.5 0.0008 1
18 0.86297 0.5 0.0007 1
