15 0.20493 0.5 0.01106 1
25 0.44768 0.5 0.00716 1
25 0.45993 0.5 0.00698 1
15 0.94562 0.5 0.00356 1
2 0.95123 0.5 0.00762 1
2 0.9805 0.5 0.00328 1
2 0.9808 0.5 0.00276 1
24 0.07582 0.5 0.00184 1
24 0.12621 0.5 0.00138 1
24 0.14368 0.5 0.00184 1
24 0.19408 0.5 0.00144 1
24 0.2116 0.5 0.00184 1
24 0.26206 0.5 0.00144 1
24 0.49296 0.5 0.05828 1
24 0.55421 0.5 0.06254 1
24 0.77941 0.5 0.13398 1
24 0.85525 0.5 0.0049 1
4 0.0503 0.5 0.00084 1
4 0.06844 0.5 0.01248 1
4 0.13702 0.5 0.01104 1
18 0.02695 0.5 0.00318 1
18 0.05414 0.5 0.00148 1
18 0.9419 0.5 0.00044 1
18 0.94283 0.5 0.00026 1
