21 0.08883 0.5 0.02622 1
21 0.11817 0.5 0.02542 1
21 0.13865 0.5 0.00478 1
21 0.1542 0.5 0.0062 1
8 0.47543 0.5 0.0049 1
8 0.52047 0.5 0.08518 1
8 0.5655 0.5 0.00488 1
8 0.61898 0.5 0.08856 1
8 0.66608 0.5 0.0056 1
21 0.71421 0.5 0.06594 1
21 0.76711 0.5 0.03934 1
21 0.81399 0.5 0.05422 1
21 0.87954 0.5 0.02564 1
8 0.89729 0.5 0.00982 1
21 0.91155 0.5 0.01866 1
21 0.92808 0.5 0.01436 1
21 0.9393 0.5 0.00596 1
21 0.94999 0.5 0.00266 1
21 0.95749 0.5 0.00994 1
21 0.96456 0.5 0.00412 1
21 0.98311 0.5 0.02506 1
21 0.99726 0.5 0.00172 1
21 0.99863 0.5 0.00098 1
2 0.03531 0.5 0.0015 1
2 0.33839 0.5 0.01054 1
2 0.34842 0.5 0.0042 1
2 0.35291 0.5 0.00426 1
6 0.67195 0.5 0.00326 1
4 0.00497 0.5 0.00166 1
4 0.20279 0.5 0.01346 1
4 0.21064 0.5 0.00268 1
4 0.21692 0.5 0.00984 1
4 0.22804 0.5 0.00968 1
4 0.2351 0.5 0.00468 1
4 0.24967 0.5 0.01966 1
4 0.29313 0.5 0.03154 1
