2 0.02143 0.5 0.00958 1
2 0.04355 0.5 0.00166 1
2 0.05539 0.5 0.01818 1
2 0.08481 0.5 0.02462 1
2 0.14706 0.5 0.01296 1
2 0.15434 0.5 0.00224 1
2 0.15919 0.5 0.00194 1
2 0.23277 0.5 0.01702 1
2 0.28417 0.5 0.00566 1
2 0.37446 0.5 0.16916 1
2 0.62285 0.5 0.02294 1
2 0.6636 0.5 0.00384 1
2 0.69439 0.5 0.00354 1
2 0.7246 0.5 0.0044 1
2 0.78767 0.5 0.00802 1
2 0.7938 0.5 0.00128 1
2 0.82356 0.5 0.01536 1
2 0.8593 0.5 0.03504 1
24 0.48189 0.5 0.00686 1
23 0.50313 0.5 0.01874 1
23 0.51709 0.5 0.00342 1
4 0.27504 0.5 0.01256 1
4 0.45958 0.5 0.00104 1
18 0.13875 0.5 0.00082 1
