8 0.25907 0.5 0.00606 1
8 0.27639 0.5 0.02654 1
21 0.30144 0.5 0.02332 1
21 0.34307 0.5 0.0599 1
21 0.37474 0.5 0.00108 1
21 0.38423 0.5 0.01538 1
21 0.39668 0.5 0.00952 1
21 0.41304 0.5 0.02392 1
8 0.44359 0.5 0.03578 1
8 0.46423 0.5 0.00506 1
8 0.46954 0.5 0.00552 1
8 0.58321 0.5 0.00326 1
8 0.58811 0.5 0.0065 1
21 0.80362 0.5 0.00072 1
21 0.80726 0.5 0.00488 1
21 0.83871 0.5 0.05798 1
21 0.8716 0.5 0.00784 1
21 0.90435 0.5 0.05762 1
21 0.95986 0.5 0.0532 1
21 1.02312 0.5 0.07312 1
2 0.10994 0.5 0.0094 1
2 0.14361 0.5 0.05794 1
2 0.1783 0.5 0.00668 1
2 0.18359 0.5 0.0041 1
2 0.19237 0.5 0.00414 1
2 0.2246 0.5 0.00224 1
2 0.23977 0.5 0.00598 1
24 0.21927 0.5 0.00538 1
24 0.65494 0.5 0.09556 1
24 0.71597 0.5 0.01522 1
24 0.73026 0.5 0.002 1
4 0.03809 0.5 0.00286 1
4 0.04281 0.5 0.00622 1
4 0.07225 0.5 0.00394 1
4 0.07501 0.5 0.00274 1
4 0.08075 0.5 0.0081 1
4 0.49684 0.5 0.01292 1
4 0.54744 0.5 0.00984 1
4 0.56619 0.5 0.02694 1
4 0.77312 0.5 0.00284 1
4 0.77948 0.5 0.002 1
18 0.05602 0.5 0.00156 1
