21 0.10269 0.5 0.0013 1
8 0.23144 0.5 0.00216 1
8 0.24412 0.5 0.01024 1
8 0.6403 0.5 0.00236 1
2 0.05957 0.5 0.00302 1
2 0.07189 0.5 0.00394 1
2 0.07725 0.5 0.0053 1
2 0.08122 0.5 0.00252 1
2 0.08709 0.5 0.00842 1
2 0.10229 0.5 0.00086 1
2 0.10441 0.5 0.00242 1
2 0.10846 0.5 0.00252 1
2 0.11932 0.5 0.00516 1
11 0.25112 0.5 0.00372 1
25 0.29389 0.5 0.02054 1
2 0.32634 0.5 0.00608 1
2 0.34313 0.5 0.00594 1
2 0.46697 0.5 0.00494 1
13 0.60412 0.5 0.00268 1
2 0.75073 0.5 0.00282 1
5 0.78857 0.5 0.00302 1
24 0.30828 0.5 0.00784 1
4 0.3199 0.5 0.002 1
4 0.60171 0.5 0.00222 1
18 0.1308 0.5 0.00068 1
