8 0.00669 0.5 0.00698 1
8 0.01545 0.5 0.00842 1
8 0.0228 0.5 0.00636 1
8 0.02939 0.5 0.00506 1
2 0.00255 0.5 0.00126 1
2 0.14159 0.5 0.00514 1
2 0.17795 0.5 0.00418 1
2 0.17933 0.5 0.00314 1
2 0.18151 0.5 0.00298 1
2 0.19535 0.5 0.00326 1
2 0.21493 0.5 0.01078 1
5 0.30307 0.5 0.0069 1
5 0.30961 0.5 0.0027 1
5 0.32454 0.5 0.00136 1
5 0.33016 0.5 0.00964 1
5 0.33499 0.5 0.00114 1
5 0.33751 0.5 0.00494 1
13 0.3425 0.5 0.005 1
13 0.6942 0.5 0.00236 1
5 0.69906 0.5 0.00548 1
5 0.70222 0.5 0.0012 1
24 0.07774 0.5 0.00108 1
24 0.83816 0.5 0.00084 1
24 0.87118 0.5 0.03292 1
24 0.89972 0.5 0.01624 1
24 0.92263 0.5 0.01186 1
24 0.93822 0.5 0.00256 1
4 0.04275 0.5 0.00106 1
4 0.0494 0.5 0.01224 1
4 0.06026 0.5 0.00492 1
4 0.06412 0.5 0.00112 1
4 0.12537 0.5 0.02114 1
4 0.35179 0.5 0.0135 1
4 0.41128 0.5 0.1048 1
4 0.50383 0.5 0.0805 1
4 0.57722 0.5 0.06532 1
4 0.64691 0.5 0.0733 1
4 0.68913 0.5 0.00682 1
