21 0.00796 0.5 0.00284 1
21 0.02117 0.5 0.02326 1
21 0.0383 0.5 0.01104 1
21 0.0555 0.5 0.02332 1
21 0.07236 0.5 0.01036 1
21 0.07831 0.5 0.00286 1
21 0.08704 0.5 0.01436 1
21 0.10484 0.5 0.02088 1
21 0.12739 0.5 0.02418 1
21 0.16854 0.5 0.0234 1
21 0.52234 0.5 0.01652 1
21 0.57267 0.5 0.08406 1
21 0.62445 0.5 0.01962 1
21 0.6525 0.5 0.03672 1
21 0.71649 0.5 0.07326 1
21 0.7704 0.5 0.03452 1
21 0.79376 0.5 0.01216 1
21 0.81584 0.5 0.03196 1
21 0.84617 0.5 0.02874 1
21 0.91954 0.5 0.09128 1
21 0.9736 0.5 0.01712 1
21 1.00046 0.5 0.03656 1
2 0.14973 0.5 0.00394 1
2 0.15428 0.5 0.00508 1
2 0.1825 0.5 0.00428 1
2 0.20589 0.5 0.0033 1
2 0.21471 0.5 0.02026 1
10 0.23577 0.5 0.0049 1
25 0.24266 0.5 0.00468 1
2 0.47889 0.5 0.0055 1
24 0.29691 0.5 0.01266 1
24 0.31454 0.5 0.00272 1
24 0.34424 0.5 0.0392 1
24 0.37925 0.5 0.02966 1
24 0.41827 0.5 0.04722 1
24 0.44976 0.5 0.00476 1
18 0.86511 0.5 0.00082 1
