21 0.54381 0.5 0.00678 1
25 0.23461 0.5 0.00178 1
25 0.23808 0.5 0.00512 1
25 0.24621 0.5 0.0029 1
25 0.25154 0.5 0.00772 1
2 0.37178 0.5 0.0056 1
2 0.3895 0.5 0.01312 1
2 0.40106 0.5 0.00148 1
15 0.82456 0.5 0.0028 1
15 0.84016 0.5 0.00636 1
15 0.85829 0.5 0.02346 1
24 0.14843 0.5 0.01778 1
24 0.24279 0.5 0.00394 1
4 0.18676 0.5 0.01132 1
4 0.34491 0.5 0.0117 1
4 0.35783 0.5 0.0099 1
4 0.36454 0.5 0.00372 1
4 0.42458 0.5 0.01396 1
4 0.43481 0.5 0.00754 1
4 0.44214 0.5 0.00148 1
4 0.44766 0.5 0.007 1
4 0.45788 0.5 0.01148 1
4 0.4686 0.5 0.00968 1
4 0.50836 0.5 0.00332 1
4 0.89609 0.5 0.0035 1
18 0.47602 0.5 0.00168 1
18 0.83641 0.5 0.00094 1
