2 0.2807 0.5 0.00376 1
25 0.3541 0.5 0.00376 1
5 0.49883 0.5 0.00474 1
2 0.53405 0.5 0.01238 1
2 0.54577 0.5 0.00942 1
13 0.62022 0.5 0.00348 1
13 0.62837 0.5 0.0029 1
16 0.6489 0.5 0.00072 1
5 0.77565 0.5 0.02138 1
2 0.82112 0.5 0.0356 1
5 0.87649 0.5 0.02138 1
2 0.94917 0.5 0.08998 1
2 1.00064 0.5 0.01296 1
24 0.01749 0.5 0.0015 1
24 0.02057 0.5 0.00102 1
24 0.36221 0.5 0.0109 1
24 0.44579 0.5 0.0047 1
24 0.45148 0.5 0.00084 1
24 0.46412 0.5 0.002 1
4 0.01037 0.5 0.0023 1
4 0.23047 0.5 0.00318 1
4 0.4937 0.5 0.00064 1
4 0.50702 0.5 0.00316 1
4 0.74057 0.5 0.00422 1
4 0.84141 0.5 0.00422 1
18 0.20691 0.5 0.00062 1
18 0.22055 0.5 0.00134 1
18 0.45463 0.5 0.00086 1
18 0.48965 0.5 0.00142 1
18 0.67434 0.5 0.00064 1
