21 0.54801 0.5 0.00354 1
21 0.7056 0.5 0.0042 1
8 0.84798 0.5 0.0228 1
8 0.86491 0.5 0.01086 1
2 0.0092 0.5 0.00268 1
2 0.0153 0.5 0.00948 1
2 0.02067 0.5 0.00122 1
2 0.03667 0.5 0.00746 1
25 0.0848 0.5 0.00116 1
11 0.38342 0.5 0.01924 1
11 0.40659 0.5 0.02686 1
13 0.58868 0.5 0.00748 1
13 0.61173 0.5 0.00498 1
2 0.66714 0.5 0.01472 1
2 0.68508 0.5 0.00248 1
5 0.80848 0.5 0.00112 1
25 0.81353 0.5 0.0037 1
15 0.9977 0.5 0.00608 1
24 0.2658 0.5 0.00872 1
24 0.30285 0.5 0.06526 1
24 0.36103 0.5 0.00122 1
24 0.49335 0.5 0.00354 1
1 0.34358 0.5 0.00156 1
1 0.43451 0.5 0.0023 1
4 0.24898 0.5 0.013 1
4 0.36613 0.5 0.01082 1
4 0.54116 0.5 0.00792 1
4 0.79804 0.5 0.01972 1
18 0.02947 0.5 0.00066 1
18 0.44045 0.5 0.0007 1
18 0.67947 0.5 0.00158 1
18 0.98956 0.5 0.00124 1
