21 0.15459 0.5 0.01402 1
21 0.18606 0.5 0.00936 1
21 0.2069 0.5 0.03228 1
21 0.24941 0.5 0.0527 1
21 0.27601 0.5 0.0007 1
21 0.28479 0.5 0.0169 1
21 0.30463 0.5 0.02266 1
21 0.3887 0.5 0.14672 1
21 0.46803 0.5 0.01222 1
21 0.49023 0.5 0.03214 1
21 0.50996 0.5 0.00812 1
21 0.51741 0.5 0.00782 1
21 0.52649 0.5 0.0103 1
21 0.53941 0.5 0.0155 1
21 0.56117 0.5 0.02826 1
21 0.58049 0.5 0.01034 1
21 0.59983 0.5 0.0283 1
21 0.64141 0.5 0.05514 1
21 0.69979 0.5 0.0619 1
21 0.74631 0.5 0.03134 1
21 0.76587 0.5 0.00774 1
21 0.80535 0.5 0.07118 1
21 0.84891 0.5 0.01502 1
21 0.8768 0.5 0.04068 1
21 0.89915 0.5 0.00362 1
21 0.90594 0.5 0.01016 1
21 0.916 0.5 0.00992 1
11 0.11784 0.5 0.0538 1
24 0.95483 0.5 0.00294 1
24 0.96254 0.5 0.0062 1
24 0.98344 0.5 0.0326 1
4 0.16346 0.5 0.00384 1
4 0.17528 0.5 0.01248 1
18 0.9348 0.5 0.00072 1
18 0.94442 0.5 0.00108 1
