21 0.02874 0.5 0.02396 1
21 0.12183 0.5 0.0177 1
21 0.13604 0.5 0.01068 1
21 0.14846 0.5 0.01432 1
21 0.18051 0.5 0.04982 1
21 0.21197 0.5 0.0123 1
21 0.22238 0.5 0.00844 1
21 0.22873 0.5 0.00366 1
8 0.3106 0.5 0.02644 1
8 0.32543 0.5 0.00318 1
8 0.79727 0.5 0.00366 1
8 0.8331 0.5 0.06796 1
8 0.86893 0.5 0.00366 1
8 0.88708 0.5 0.00624 1
8 0.91167 0.5 0.04386 1
11 0.04426 0.5 0.00704 1
11 0.08022 0.5 0.06492 1
2 0.26907 0.5 0.00558 1
15 0.27616 0.5 0.0076 1
15 0.28672 0.5 0.00032 1
15 0.29005 0.5 0.0007 1
2 0.41402 0.5 0.00492 1
2 0.42322 0.5 0.01292 1
2 0.42937 0.5 0.00638 1
2 0.43426 0.5 0.0078 1
2 0.44763 0.5 0.01482 1
2 0.45136 0.5 0.01148 1
2 0.46015 0.5 0.01094 1
2 0.47387 0.5 0.01314 1
2 0.48756 0.5 0.01208 1
2 0.50825 0.5 0.02326 1
2 0.52625 0.5 0.00386 1
2 0.55782 0.5 0.0096 1
2 0.57275 0.5 0.0095 1
2 0.57868 0.5 0.01688 1
2 0.60111 0.5 0.01518 1
2 0.61013 0.5 0.00278 1
2 0.61427 0.5 0.00202 1
2 0.62134 0.5 0.00936 1
2 0.63662 0.5 0.02092 1
2 0.66521 0.5 0.03674 1
2 0.69895 0.5 0.03062 1
3 0.71715 0.5 0.00586 1
5 0.71882 0.5 0.00392 1
24 0.23318 0.5 0.00432 1
4 0.28829 0.5 0.00278 1
4 0.35637 0.5 0.0099 1
4 0.37643 0.5 0.03034 1
4 0.39453 0.5 0.00242 1
4 0.40996 0.5 0.00304 1
4 0.49427 0.5 0.00322 1
4 0.52747 0.5 0.00206 1
4 0.53233 0.5 0.0081 1
4 0.53816 0.5 0.00456 1
4 0.54305 0.5 0.00418 1
4 0.73199 0.5 0.0049 1
4 0.93809 0.5 0.00286 1
4 0.94281 0.5 0.00622 1
4 0.97225 0.5 0.00394 1
4 0.97501 0.5 0.00274 1
4 0.98075 0.5 0.0081 1
18 0.95602 0.5 0.00156 1
