21 0.13897 0.5 0.00238 1
8 0.71297 0.5 0.00338 1
8 0.76655 0.5 0.10374 1
8 0.82013 0.5 0.00338 1
15 0.08094 0.5 0.00388 1
2 0.11775 0.5 0.01354 1
2 0.1623 0.5 0.0206 1
5 0.32048 0.5 0.00212 1
16 0.57937 0.5 0.01962 1
11 0.67753 0.5 0.0023 1
11 0.68429 0.5 0.0039 1
11 0.68928 0.5 0.00408 1
25 0.69245 0.5 0.0023 1
15 0.69739 0.5 0.00714 1
24 0.29559 0.5 0.0025 1
4 0.06891 0.5 0.00562 1
4 0.5228 0.5 0.01536 1
4 0.9039 0.5 0.0202 1
18 0.54287 0.5 0.0015 1
18 0.65829 0.5 0.00102 1
18 0.86957 0.5 0.00094 1
18 0.95414 0.5 0.00056 1
