0 0.09884 0.5 0.00188 1
15 0.04398 0.5 0.01596 1
11 0.14264 0.5 0.00464 1
11 0.16412 0.5 0.0146 1
11 0.20101 0.5 0.02474 1
11 0.22173 0.5 0.00642 1
2 0.35238 0.5 0.01264 1
2 0.61034 0.5 0.01476 1
2 0.62834 0.5 0.00224 1
6 0.68402 0.5 0.00128 1
2 0.69242 0.5 0.00444 1
15 0.75982 0.5 0.00424 1
15 0.76986 0.5 0.00396 1
2 0.79048 0.5 0.02688 1
11 0.90618 0.5 0.00136 1
24 0.00878 0.5 0.00176 1
24 0.09328 0.5 0.00868 1
24 0.12698 0.5 0.01888 1
24 0.39573 0.5 0.0027 1
1 0.93587 0.5 0.00102 1
4 0.08638 0.5 0.0038 1
4 0.31337 0.5 0.02118 1
4 0.66261 0.5 0.0415 1
18 0.02057 0.5 0.00082 1
18 0.08311 0.5 0.00086 1
18 0.62232 0.5 0.00064 1
