8 0.08069 0.5 0.00266 1
21 0.16901 0.5 0.08166 1
21 0.2573 0.5 0.09484 1
21 0.32106 0.5 0.03264 1
8 0.3422 0.5 0.0018 1
21 0.62337 0.5 0.00494 1
21 0.66441 0.5 0.07578 1
21 0.70958 0.5 0.01448 1
21 0.71886 0.5 0.00388 1
21 0.72216 0.5 0.00252 1
21 0.72792 0.5 0.00896 1
21 0.83888 0.5 0.21292 1
21 0.9505 0.5 0.01028 1
21 0.97243 0.5 0.03346 1
21 1.01142 0.5 0.04356 1
2 0.10995 0.5 0.00566 1
2 0.11692 0.5 0.00568 1
5 0.34981 0.5 0.00522 1
5 0.44245 0.5 0.0039 1
24 0.50749 0.5 0.02266 1
24 0.55878 0.5 0.07976 1
4 0.03029 0.5 0.00718 1
4 0.041 0.5 0.0022 1
4 0.05702 0.5 0.00112 1
18 0.3454 0.5 0.00188 1
