8 0.06639 0.5 0.00258 1
21 0.29586 0.5 0.00844 1
21 0.37849 0.5 0.01406 1
21 0.39686 0.5 0.02264 1
8 0.4273 0.5 0.00576 1
8 0.4715 0.5 0.0826 1
8 0.5157 0.5 0.00576 1
2 0.08562 0.5 0.01012 1
13 0.18625 0.5 0.00754 1
11 0.31398 0.5 0.0058 1
11 0.33355 0.5 0.00422 1
11 0.34028 0.5 0.00232 1
15 0.52712 0.5 0.01332 1
2 0.61032 0.5 0.0278 1
5 0.79491 0.5 0.00222 1
5 0.7984 0.5 0.00384 1
24 0.01467 0.5 0.01402 1
24 0.64727 0.5 0.00358 1
24 0.65015 0.5 0.00218 1
24 0.65309 0.5 0.00166 1
24 0.69063 0.5 0.0691 1
24 0.72971 0.5 0.00382 1
24 0.73681 0.5 0.00726 1
24 0.75486 0.5 0.02868 1
24 0.81014 0.5 0.01568 1
4 0.32385 0.5 0.01294 1
4 0.36244 0.5 0.01192 1
4 0.78508 0.5 0.0174 1
4 0.8882 0.5 0.0056 1
4 0.91624 0.5 0.00708 1
4 0.98186 0.5 0.00344 1
18 0.0586 0.5 0.00124 1
18 0.30807 0.5 0.00162 1
