21 0.1426 0.5 0.24364 1
21 0.28154 0.5 0.0342 1
21 0.31431 0.5 0.0313 1
21 0.33141 0.5 0.00134 1
21 0.3565 0.5 0.03732 1
21 0.37766 0.5 0.00468 1
21 0.38505 0.5 0.01006 1
2 0.41962 0.5 0.00736 1
2 0.42588 0.5 0.00092 1
25 0.52928 0.5 0.0126 1
25 0.84497 0.5 0.0039 1
15 0.88028 0.5 0.00328 1
2 0.9503 0.5 0.0216 1
24 0.72793 0.5 0.00218 1
24 0.77337 0.5 0.07214 1
24 0.82522 0.5 0.0112 1
4 0.40307 0.5 0.02406 1
4 0.5612 0.5 0.0226 1
4 0.57512 0.5 0.00488 1
4 0.84263 0.5 0.00074 1
4 0.84868 0.5 0.00128 1
4 0.8637 0.5 0.00464 1
4 0.87399 0.5 0.00926 1
4 0.88711 0.5 0.01034 1
4 0.90242 0.5 0.00376 1
4 0.93084 0.5 0.0076 1
18 0.48173 0.5 0.0009 1
18 0.50115 0.5 0.00266 1
18 0.68411 0.5 0.00162 1
18 0.8671 0.5 0.00084 1
18 0.89281 0.5 0.00074 1
