21 0.01655 0.5 0.02142 1
21 0.04353 0.5 0.0325 1
21 0.07213 0.5 0.02406 1
21 0.14694 0.5 0.00676 1
21 0.15166 0.5 0.00248 1
21 0.16024 0.5 0.01464 1
2 0.2607 0.5 0.16392 1
5 0.36483 0.5 0.00258 1
5 0.3706 0.5 0.005 1
5 0.37834 0.5 0.00252 1
5 0.40275 0.5 0.00578 1
2 0.51392 0.5 0.19432 1
2 0.663 0.5 0.10404 1
15 0.74777 0.5 0.01646 1
2 0.77423 0.5 0.00354 1
2 0.78177 0.5 0.0117 1
2 0.83205 0.5 0.0077 1
11 0.97756 0.5 0.01468 1
11 1.05909 0.5 0.14662 1
24 0.89176 0.5 0.08104 1
24 0.93394 0.5 0.00176 1
24 0.95711 0.5 0.00802 1
18 0.76235 0.5 0.00082 1
