21 0.37118 0.5 0.01604 1
21 0.40097 0.5 0.0435 1
21 0.50467 0.5 0.06626 1
21 0.56072 0.5 0.0464 1
21 0.59196 0.5 0.01604 1
8 0.60584 0.5 0.0028 1
8 0.60894 0.5 0.00316 1
8 0.65794 0.5 0.09448 1
8 0.70782 0.5 0.00344 1
8 0.80994 0.5 0.00488 1
8 0.81649 0.5 0.00818 1
8 0.82251 0.5 0.00362 1
2 0.09895 0.5 0.00706 1
2 0.14017 0.5 0.00574 1
2 0.18057 0.5 0.00598 1
2 0.19318 0.5 0.0124 1
2 0.20899 0.5 0.00258 1
2 0.21378 0.5 0.00112 1
2 0.44713 0.5 0.04878 1
3 0.76145 0.5 0.00294 1
2 0.76665 0.5 0.0003 1
2 0.77857 0.5 0.0235 1
2 0.79468 0.5 0.00868 1
4 0.01319 0.5 0.00622 1
4 0.04175 0.5 0.01298 1
4 0.05308 0.5 0.00596 1
4 0.71495 0.5 0.0037 1
4 0.73673 0.5 0.00574 1
4 0.8031 0.5 0.00672 1
4 0.94796 0.5 0.0026 1
4 0.95541 0.5 0.00218 1
4 0.96246 0.5 0.01024 1
4 0.99916 0.5 0.03184 1
18 0.96848 0.5 0.00096 1
