2 0.16147 0.5 0.00298 1
2 0.17387 0.5 0.00222 1
2 0.17702 0.5 0.0036 1
15 0.32661 0.5 0.0097 1
25 0.35206 0.5 0.0024 1
13 0.40907 0.5 0.0133 1
6 0.47612 0.5 0.00488 1
2 0.48913 0.5 0.02074 1
15 0.52531 0.5 0.00314 1
2 0.56603 0.5 0.0337 1
2 0.58522 0.5 0.00472 1
2 0.58908 0.5 0.00308 1
2 0.59403 0.5 0.00286 1
2 0.60175 0.5 0.00798 1
2 0.61206 0.5 0.00428 1
2 0.61682 0.5 0.00168 1
2 0.61903 0.5 0.0023 1
2 0.62617 0.5 0.0103 1
2 0.71516 0.5 0.00528 1
13 0.84967 0.5 0.01122 1
2 0.85643 0.5 0.00318 1
2 0.86402 0.5 0.01196 1
23 0.16521 0.5 0.00426 1
24 0.30428 0.5 0.00196 1
24 0.61512 0.5 0.002 1
24 0.93212 0.5 0.0868 1
24 0.97979 0.5 0.00566 1
24 0.99609 0.5 0.0141 1
18 0.44722 0.5 0.0016 1
18 0.54609 0.5 0.00058 1
18 0.6069 0.5 0.0008 1
18 0.88207 0.5 0.00074 1
