0 0.00205 0.5 0.00126 1
0 0.01227 0.5 0.00126 1
0 0.02247 0.5 0.00126 1
0 0.03233 0.5 0.00126 1
0 0.04249 0.5 0.00126 1
0 0.05225 0.5 0.00126 1
0 0.06247 0.5 0.00126 1
0 0.07267 0.5 0.00126 1
0 0.08288 0.5 0.00128 1
0 0.09311 0.5 0.00126 1
0 0.10331 0.5 0.00126 1
0 0.11351 0.5 0.00126 1
21 0.14338 0.5 0.04392 1
21 0.17404 0.5 0.01736 1
21 0.22355 0.5 0.07726 1
21 0.27973 0.5 0.03506 1
21 0.30605 0.5 0.01754 1
21 0.33158 0.5 0.02592 1
21 0.35733 0.5 0.00938 1
21 0.39898 0.5 0.07388 1
21 0.47066 0.5 0.05536 1
21 0.51183 0.5 0.02694 1
21 0.54391 0.5 0.03694 1
21 0.61954 0.5 0.11428 1
21 0.68226 0.5 0.01124 1
21 0.70094 0.5 0.02592 1
21 0.72193 0.5 0.01598 1
21 0.74915 0.5 0.03886 1
21 0.78158 0.5 0.01384 1
21 0.83186 0.5 0.07108 1
21 0.86802 0.5 0.0012 1
21 0.88871 0.5 0.0389 1
21 0.91602 0.5 0.01568 1
21 0.99197 0.5 0.03646 1
