8 0.26966 0.5 0.00804 1
8 0.31668 0.5 0.08596 1
8 0.36374 0.5 0.00808 1
8 0.53462 0.5 0.00196 1
8 0.54413 0.5 0.00462 1
21 0.56548 0.5 0.0014 1
21 0.5714 0.5 0.00204 1
21 0.57482 0.5 0.001 1
8 0.63519 0.5 0.0405 1
21 0.93414 0.5 0.00664 1
8 0.95985 0.5 0.00106 1
21 0.96388 0.5 0.00596 1
2 0.06058 0.5 0.00224 1
3 0.16249 0.5 0.00386 1
3 0.16377 0.5 0.00114 1
3 0.16512 0.5 0.00152 1
2 0.17219 0.5 0.01158 1
2 0.21375 0.5 0.03978 1
2 0.25725 0.5 0.01674 1
2 0.42237 0.5 0.10914 1
2 0.4854 0.5 0.01772 1
2 0.51148 0.5 0.0348 1
2 0.5313 0.5 0.00288 1
17 0.97133 0.5 0.00238 1
15 1.02196 0.5 0.06888 1
24 0.00494 0.5 0.00456 1
24 0.76832 0.5 0.00184 1
4 0.76612 0.5 0.00248 1
18 0.14223 0.5 0.00094 1
18 0.68899 0.5 0.00098 1
