21 0.13117 0.5 0.00298 1
21 0.16256 0.5 0.00092 1
21 0.18083 0.5 0.00298 1
21 0.2318 0.5 0.00076 1
21 0.23689 0.5 0.00978 1
21 0.2453 0.5 0.00808 1
21 0.41357 0.5 0.00334 1
21 0.5206 0.5 0.00456 1
21 0.56819 0.5 0.09026 1
21 0.62432 0.5 0.02196 1
21 0.64533 0.5 0.01998 1
21 0.65929 0.5 0.00826 1
21 0.66527 0.5 0.00474 1
21 0.66888 0.5 0.00272 1
21 0.68103 0.5 0.02154 1
21 0.69534 0.5 0.00688 1
21 0.70677 0.5 0.00934 1
21 0.71708 0.5 0.00964 1
21 0.75372 0.5 0.05884 1
21 0.78759 0.5 0.00682 1
21 0.79882 0.5 0.0164 1
21 0.82667 0.5 0.03926 1
21 0.8524 0.5 0.00432 1
21 0.85617 0.5 0.00318 1
21 0.8969 0.5 0.0026 1
2 0.02738 0.5 0.011 1
2 0.04351 0.5 0.01878 1
2 0.0677 0.5 0.00216 1
5 0.09449 0.5 0.01998 1
5 0.12271 0.5 0.00922 1
5 0.21894 0.5 0.01388 1
5 0.2275 0.5 0.00368 1
11 0.31955 0.5 0.14034 1
11 0.40279 0.5 0.01818 1
11 0.93495 0.5 0.02078 1
15 0.94734 0.5 0.00224 1
2 0.9854 0.5 0.0016 1
4 0.43459 0.5 0.00162 1
4 0.48805 0.5 0.00202 1
4 0.50847 0.5 0.00658 1
