8 0.15087 0.5 0.0059 1
8 0.15745 0.5 0.00182 1
8 0.16459 0.5 0.0051 1
8 0.17167 0.5 0.00414 1
8 0.18061 0.5 0.00342 1
8 0.18509 0.5 0.00542 1
8 0.19274 0.5 0.00252 1
8 0.19576 0.5 0.00348 1
8 0.23117 0.5 0.00234 1
8 0.23661 0.5 0.0085 1
8 0.24576 0.5 0.00512 1
3 0.36439 0.5 0.02278 1
3 0.52351 0.5 0.02722 1
3 0.66569 0.5 0.00414 1
3 0.67322 0.5 0.00416 1
2 0.70278 0.5 0.01156 1
13 0.88556 0.5 0.01076 1
24 0.46156 0.5 0.00112 1
4 0.07277 0.5 0.00182 1
4 0.33003 0.5 0.0083 1
4 0.34293 0.5 0.01122 1
4 0.56737 0.5 0.0013 1
18 0.83885 0.5 0.0009 1
18 0.87225 0.5 0.00142 1
