21 0.09289 0.5 0.02386 1
8 0.11715 0.5 0.02046 1
21 0.38997 0.5 0.0183 1
21 0.40825 0.5 0.01706 1
21 0.58878 0.5 0.00372 1
21 0.60338 0.5 0.00816 1
21 0.61088 0.5 0.00676 1
21 0.61976 0.5 0.004 1
21 0.6613 0.5 0.07904 1
21 0.71158 0.5 0.02224 1
21 0.72715 0.5 0.00886 1
8 0.81548 0.5 0.00128 1
8 0.83526 0.5 0.00928 1
8 0.8433 0.5 0.00588 1
8 0.99795 0.5 0.00506 1
15 0.15808 0.5 0.01628 1
15 0.18598 0.5 0.00484 1
25 0.18752 0.5 0.00248 1
25 0.20431 0.5 0.00326 1
11 0.29794 0.5 0.00112 1
5 0.30466 0.5 0.0048 1
5 0.31695 0.5 0.0177 1
5 0.32798 0.5 0.0042 1
5 0.35578 0.5 0.03304 1
11 0.37829 0.5 0.00454 1
11 0.37957 0.5 0.00218 1
11 0.90371 0.5 0.00282 1
24 0.03981 0.5 0.03466 1
24 0.06688 0.5 0.01492 1
24 0.74565 0.5 0.0281 1
24 0.76697 0.5 0.01358 1
24 0.98615 0.5 0.0149 1
4 0.41952 0.5 0.00532 1
4 0.78018 0.5 0.01236 1
4 0.87507 0.5 0.0185 1
18 0.24935 0.5 0.00098 1
18 0.43288 0.5 0.00088 1
18 0.56186 0.5 0.00056 1
18 0.56244 0.5 0.00056 1
18 0.88977 0.5 0.00094 1
