21 0.27544 0.5 0.00284 1
8 0.31186 0.5 0.00348 1
8 0.35688 0.5 0.08632 1
8 0.40878 0.5 0.00348 1
6 0.17198 0.5 0.00376 1
2 0.21225 0.5 0.04446 1
6 0.27984 0.5 0.00156 1
16 0.30493 0.5 0.00358 1
16 0.42479 0.5 0.00474 1
15 0.44214 0.5 0.0032 1
2 0.50655 0.5 0.00746 1
6 0.83574 0.5 0.00468 1
6 0.8408 0.5 0.0052 1
24 0.9653 0.5 0.00212 1
1 0.61779 0.5 0.00598 1
4 0.29708 0.5 0.01192 1
4 0.46851 0.5 0.0207 1
4 0.64359 0.5 0.0101 1
4 0.69583 0.5 0.04166 1
4 0.71642 0.5 0.00076 1
4 0.86028 0.5 0.01884 1
4 0.87903 0.5 0.01898 1
18 0.02029 0.5 0.00066 1
18 0.04442 0.5 0.00096 1
18 0.05946 0.5 0.00052 1
18 0.52625 0.5 0.00098 1
18 0.78023 0.5 0.0007 1
18 0.97303 0.5 0.00078 1
