21 0.17646 0.5 0.05636 1
21 0.21886 0.5 0.0018 1
8 0.22532 0.5 0.00516 1
21 0.23628 0.5 0.00644 1
21 0.24278 0.5 0.0048 1
21 0.24919 0.5 0.0015 1
21 0.26545 0.5 0.00878 1
21 0.43911 0.5 0.03702 1
21 0.4973 0.5 0.07924 1
21 0.5607 0.5 0.04404 1
21 0.59248 0.5 0.0144 1
21 0.74154 0.5 0.02308 1
21 0.81281 0.5 0.11942 1
21 0.88381 0.5 0.02306 1
2 0.07041 0.5 0.00114 1
2 0.12493 0.5 0.00598 1
2 0.64051 0.5 0.00602 1
2 0.96775 0.5 0.00598 1
24 0.04932 0.5 0.041 1
24 0.08225 0.5 0.00146 1
24 0.09129 0.5 0.00374 1
24 0.66948 0.5 0.014 1
24 0.68271 0.5 0.00166 1
24 0.68647 0.5 0.00302 1
24 0.70639 0.5 0.02262 1
24 0.72393 0.5 0.0121 1
24 0.90522 0.5 0.01972 1
24 0.92945 0.5 0.01846 1
4 0.29078 0.5 0.00364 1
4 0.30393 0.5 0.00222 1
4 0.38887 0.5 0.01034 1
4 0.39928 0.5 0.00668 1
4 0.60623 0.5 0.0089 1
18 0.28502 0.5 0.00152 1
