8 0.3905 0.5 0.00264 1
8 0.60606 0.5 0.011 1
5 0.12918 0.5 0.00352 1
15 0.22264 0.5 0.00924 1
15 0.22849 0.5 0.00242 1
6 0.35516 0.5 0.00456 1
17 0.36746 0.5 0.00216 1
5 0.88088 0.5 0.00644 1
24 0.43807 0.5 0.0037 1
23 0.76813 0.5 0.00374 1
23 0.78163 0.5 0.01898 1
24 0.8611 0.5 0.01116 1
4 0.06771 0.5 0.01214 1
4 0.07946 0.5 0.0036 1
4 0.08436 0.5 0.00604 1
4 0.11827 0.5 0.01826 1
4 0.25647 0.5 0.02082 1
4 0.27785 0.5 0.0019 1
4 0.31509 0.5 0.00242 1
4 0.32824 0.5 0.02124 1
4 0.36467 0.5 0.00298 1
18 0.27452 0.5 0.00092 1
18 0.30091 0.5 0.00102 1
18 0.30541 0.5 0.00146 1
18 0.57225 0.5 0.00054 1
