0 0.0076 0.5 0.00124 1
0 0.01774 0.5 0.00148 1
0 0.02785 0.5 0.00146 1
0 0.0377 0.5 0.00124 1
0 0.04795 0.5 0.00146 1
0 0.0578 0.5 0.00124 1
0 0.06774 0.5 0.00124 1
0 0.07768 0.5 0.00124 1
0 0.08782 0.5 0.00148 1
0 0.09795 0.5 0.00146 1
0 0.1078 0.5 0.00124 1
0 0.11805 0.5 0.00146 1
0 0.1279 0.5 0.00124 1
0 0.13786 0.5 0.00124 1
0 0.1478 0.5 0.00124 1
0 0.15794 0.5 0.00148 1
0 0.16797 0.5 0.00126 1
0 0.17794 0.5 0.00124 1
0 0.18788 0.5 0.00124 1
0 0.19802 0.5 0.00148 1
0 0.20815 0.5 0.00146 1
0 0.218 0.5 0.00124 1
0 0.22796 0.5 0.00124 1
0 0.2379 0.5 0.00124 1
0 0.24804 0.5 0.00148 1
0 0.25817 0.5 0.00146 1
0 0.26802 0.5 0.00124 1
0 0.27798 0.5 0.00124 1
0 0.28792 0.5 0.00124 1
0 0.29806 0.5 0.00148 1
0 0.30819 0.5 0.00146 1
0 0.31804 0.5 0.00124 1
0 0.32827 0.5 0.00146 1
0 0.33812 0.5 0.00124 1
0 0.34808 0.5 0.00124 1
0 0.35802 0.5 0.00124 1
0 0.36816 0.5 0.00148 1
0 0.37829 0.5 0.00146 1
0 0.38814 0.5 0.00124 1
0 0.39839 0.5 0.00146 1
0 0.40824 0.5 0.00124 1
0 0.4182 0.5 0.00124 1
0 0.42814 0.5 0.00124 1
0 0.43828 0.5 0.00148 1
0 0.44839 0.5 0.00146 1
0 0.45824 0.5 0.00124 1
0 0.46818 0.5 0.00124 1
0 0.47839 0.5 0.00146 1
0 0.48849 0.5 0.00146 1
0 0.49832 0.5 0.00124 1
0 0.50853 0.5 0.00146 1
0 0.51838 0.5 0.00124 1
0 0.52833 0.5 0.00126 1
0 0.53853 0.5 0.00146 1
0 0.5482 0.5 0.00144 1
0 0.55802 0.5 0.00124 1
0 0.56819 0.5 0.00146 1
0 0.57821 0.5 0.00126 1
0 0.58827 0.5 0.00126 1
0 0.59831 0.5 0.00126 1
0 0.60832 0.5 0.0018 1
0 0.61835 0.5 0.00126 1
0 0.62848 0.5 0.00144 1
0 0.63835 0.5 0.00126 1
0 0.64855 0.5 0.00138 1
0 0.65859 0.5 0.00146 1
0 0.66842 0.5 0.0012 1
0 0.67833 0.5 0.00126 1
0 0.68851 0.5 0.00138 1
0 0.69837 0.5 0.00126 1
0 0.70839 0.5 0.00126 1
0 0.71857 0.5 0.00146 1
0 0.72845 0.5 0.00126 1
0 0.73858 0.5 0.00144 1
0 0.74865 0.5 0.00146 1
0 0.75848 0.5 0.0012 1
0 0.76847 0.5 0.00126 1
0 0.77865 0.5 0.00146 1
0 0.78848 0.5 0.0012 1
0 0.79845 0.5 0.00126 1
0 0.80858 0.5 0.00144 1
0 0.81865 0.5 0.00146 1
0 0.82848 0.5 0.0012 1
0 0.83847 0.5 0.00126 1
0 0.84849 0.5 0.00126 1
0 0.85869 0.5 0.00146 1
0 0.86856 0.5 0.00124 1
0 0.87866 0.5 0.00148 1
0 0.88877 0.5 0.00146 1
0 0.89873 0.5 0.00126 1
0 0.90893 0.5 0.00146 1
0 0.91858 0.5 0.00144 1
0 0.92869 0.5 0.00146 1
0 0.93856 0.5 0.00124 1
0 0.94873 0.5 0.00146 1
0 0.95885 0.5 0.00146 1
0 0.96841 0.5 0.00122 1
0 0.97852 0.5 0.00144 1
0 0.98861 0.5 0.00146 1
0 0.99817 0.5 0.00122 1
18 0.01634 0.5 0.00056 1
18 0.08642 0.5 0.00056 1
18 0.15654 0.5 0.00056 1
18 0.19662 0.5 0.00056 1
18 0.24664 0.5 0.00056 1
18 0.29666 0.5 0.00056 1
18 0.36676 0.5 0.00056 1
18 0.43688 0.5 0.00056 1
18 0.44698 0.5 0.0006 1
18 0.47697 0.5 0.00062 1
18 0.48707 0.5 0.00062 1
18 0.50711 0.5 0.00062 1
18 0.60706 0.5 0.0006 1
18 0.64711 0.5 0.00062 1
18 0.65719 0.5 0.00066 1
18 0.74725 0.5 0.00066 1
18 0.77725 0.5 0.00066 1
18 0.81725 0.5 0.00066 1
18 0.84722 0.5 0.00052 1
18 0.88735 0.5 0.00062 1
18 0.92727 0.5 0.00062 1
