21 0.5433 0.5 0.00044 1
21 0.54691 0.5 0.00254 1
21 0.55838 0.5 0.00564 1
21 0.57899 0.5 0.00182 1
21 0.58292 0.5 0.002 1
21 0.58523 0.5 0.00258 1
21 0.59614 0.5 0.00328 1
21 0.60844 0.5 0.00564 1
21 0.62905 0.5 0.00182 1
21 0.63298 0.5 0.002 1
21 0.63529 0.5 0.00258 1
21 0.66419 0.5 0.00306 1
21 0.68389 0.5 0.00118 1
21 0.83971 0.5 0.00258 1
21 0.84207 0.5 0.0021 1
21 0.84581 0.5 0.00154 1
21 0.84825 0.5 0.0021 1
21 0.85213 0.5 0.00182 1
2 0.54458 0.5 0.00208 1
2 0.5497 0.5 0.00092 1
2 0.55566 0.5 0.00896 1
2 0.57578 0.5 0.00448 1
2 0.59976 0.5 0.00092 1
2 0.60572 0.5 0.00896 1
2 0.62584 0.5 0.00448 1
2 0.68304 0.5 0.00048 1
2 0.85539 0.5 0.00578 1
2 0.92562 0.5 0.00068 1
18 0.07402 0.5 0.00112 1
18 0.53044 0.5 0.00148 1
18 0.77807 0.5 0.0007 1
