21 0.05034 0.5 0.0358 1
21 0.06928 0.5 0.0018 1
21 0.11132 0.5 0.08216 1
21 0.18269 0.5 0.0577 1
21 0.22582 0.5 0.02852 1
21 0.25773 0.5 0.03526 1
21 0.28224 0.5 0.01216 1
21 0.34844 0.5 0.12036 1
21 0.41613 0.5 0.01446 1
21 0.42708 0.5 0.0086 1
21 0.44554 0.5 0.00756 1
21 0.49538 0.5 0.02216 1
21 0.51855 0.5 0.0241 1
21 0.5374 0.5 0.01356 1
21 0.555 0.5 0.02168 1
21 0.57363 0.5 0.01554 1
21 0.58962 0.5 0.0164 1
21 0.62429 0.5 0.05302 1
21 0.66643 0.5 0.0211 1
21 0.6846 0.5 0.0152 1
21 0.69287 0.5 0.0013 1
21 0.71378 0.5 0.04048 1
21 0.75498 0.5 0.03292 1
21 0.77664 0.5 0.01036 1
21 0.7887 0.5 0.01372 1
21 0.87085 0.5 0.15078 1
21 0.95085 0.5 0.00918 1
11 0.03208 0.5 0.00068 1
2 0.43674 0.5 0.00232 1
