0 0.00469 0.5 0.00126 1
0 0.01475 0.5 0.00126 1
0 0.02483 0.5 0.00126 1
0 0.03489 0.5 0.00126 1
0 0.04489 0.5 0.00126 1
0 0.05507 0.5 0.00146 1
0 0.06503 0.5 0.00126 1
0 0.07503 0.5 0.00126 1
0 0.08509 0.5 0.00126 1
0 0.09515 0.5 0.00126 1
0 0.10523 0.5 0.00126 1
0 0.11529 0.5 0.00126 1
0 0.12531 0.5 0.00126 1
0 0.13549 0.5 0.00146 1
0 0.14545 0.5 0.00126 1
0 0.15547 0.5 0.00126 1
0 0.16553 0.5 0.00126 1
0 0.17561 0.5 0.00126 1
0 0.18561 0.5 0.00126 1
0 0.19561 0.5 0.00126 1
0 0.20557 0.5 0.00126 1
0 0.21563 0.5 0.00126 1
0 0.22575 0.5 0.00126 1
0 0.23571 0.5 0.00126 1
0 0.24569 0.5 0.00126 1
0 0.25591 0.5 0.00106 1
0 0.26598 0.5 0.0012 1
0 0.27614 0.5 0.0012 1
0 0.28625 0.5 0.00126 1
0 0.29633 0.5 0.00126 1
0 0.30629 0.5 0.00126 1
0 0.3165 0.5 0.0012 1
0 0.32661 0.5 0.00126 1
0 0.33669 0.5 0.00126 1
0 0.34665 0.5 0.00126 1
0 0.35684 0.5 0.0012 1
0 0.36695 0.5 0.00126 1
0 0.37703 0.5 0.00126 1
0 0.38703 0.5 0.00126 1
0 0.39715 0.5 0.00126 1
0 0.40713 0.5 0.00126 1
0 0.41732 0.5 0.0012 1
0 0.42743 0.5 0.00126 1
0 0.43762 0.5 0.0012 1
0 0.44773 0.5 0.00126 1
0 0.45783 0.5 0.00126 1
0 0.46781 0.5 0.00126 1
0 0.478 0.5 0.0012 1
0 0.48811 0.5 0.00126 1
0 0.49819 0.5 0.00126 1
0 0.50817 0.5 0.00126 1
0 0.51836 0.5 0.0012 1
0 0.52847 0.5 0.00126 1
0 0.53855 0.5 0.00126 1
0 0.54853 0.5 0.00126 1
0 0.55872 0.5 0.0012 1
0 0.56883 0.5 0.00126 1
0 0.57893 0.5 0.00126 1
0 0.58911 0.5 0.00118 1
0 0.59917 0.5 0.00126 1
0 0.60928 0.5 0.00124 1
0 0.61955 0.5 0.00146 1
0 0.62952 0.5 0.00124 1
0 0.63961 0.5 0.00126 1
0 0.64976 0.5 0.00124 1
0 0.65989 0.5 0.00126 1
0 0.67001 0.5 0.00114 1
0 0.68022 0.5 0.00124 1
0 0.69037 0.5 0.00126 1
0 0.70049 0.5 0.00114 1
0 0.7107 0.5 0.00124 1
0 0.72084 0.5 0.00116 1
0 0.73095 0.5 0.00126 1
0 0.74097 0.5 0.00126 1
0 0.75105 0.5 0.00126 1
0 0.7612 0.5 0.00124 1
0 0.77133 0.5 0.00126 1
0 0.78143 0.5 0.00114 1
0 0.79164 0.5 0.00124 1
0 0.80176 0.5 0.00116 1
0 0.81187 0.5 0.00126 1
0 0.82191 0.5 0.00114 1
0 0.83212 0.5 0.00124 1
0 0.84225 0.5 0.00126 1
0 0.85229 0.5 0.00126 1
0 0.86231 0.5 0.00114 1
0 0.87252 0.5 0.00124 1
0 0.88262 0.5 0.00116 1
0 0.89273 0.5 0.00126 1
0 0.90275 0.5 0.00126 1
0 0.91283 0.5 0.00126 1
0 0.923 0.5 0.00124 1
0 0.93315 0.5 0.00126 1
0 0.94327 0.5 0.00114 1
0 0.95348 0.5 0.00124 1
0 0.96358 0.5 0.00124 1
0 0.97374 0.5 0.00124 1
0 0.98391 0.5 0.00126 1
0 0.99403 0.5 0.00126 1
18 0.02351 0.5 0.00062 1
18 0.03358 0.5 0.0006 1
18 0.10391 0.5 0.00062 1
18 0.11398 0.5 0.0006 1
18 0.17428 0.5 0.0006 1
18 0.18434 0.5 0.00052 1
18 0.20434 0.5 0.00052 1
18 0.25449 0.5 0.00062 1
18 0.49689 0.5 0.00058 1
18 0.5979 0.5 0.00052 1
18 0.61815 0.5 0.00058 1
18 0.65861 0.5 0.00054 1
18 0.68909 0.5 0.00054 1
18 0.77005 0.5 0.00054 1
18 0.88138 0.5 0.00056 1
18 0.94202 0.5 0.0006 1
18 0.98261 0.5 0.00058 1
