21 0.01467 0.5 0.0255 1
21 0.03383 0.5 0.01294 1
21 0.04418 0.5 0.00672 1
21 0.04853 0.5 0.00194 1
21 0.05277 0.5 0.0065 1
21 0.08565 0.5 0.00758 1
21 0.09374 0.5 0.0054 1
21 0.10798 0.5 0.02304 1
21 0.55042 0.5 0.0058 1
21 0.58902 0.5 0.0206 1
8 0.60337 0.5 0.00806 1
21 0.60765 0.5 0.00046 1
21 0.63267 0.5 0.00274 1
21 0.6357 0.5 0.0018 1
21 0.63704 0.5 0.0012 1
21 0.6403 0.5 0.00152 1
21 0.65686 0.5 0.03 1
21 0.68322 0.5 0.02376 1
21 0.69567 0.5 0.0011 1
21 0.72974 0.5 0.02356 1
21 0.74248 0.5 0.00244 1
21 0.74688 0.5 0.00736 1
21 0.77005 0.5 0.03894 1
21 0.78991 0.5 0.00106 1
21 0.79638 0.5 0.0088 1
21 0.804 0.5 0.00408 1
21 0.84568 0.5 0.0792 1
21 0.88638 0.5 0.00216 1
21 0.89063 0.5 0.00734 1
25 0.28671 0.5 0.00578 1
2 0.32666 0.5 0.07408 1
2 0.3799 0.5 0.03284 1
2 0.41091 0.5 0.0041 1
13 0.41195 0.5 0.00318 1
13 0.41364 0.5 0.001 1
2 0.41774 0.5 0.00716 1
2 0.44444 0.5 0.04636 1
2 0.56601 0.5 0.02534 1
11 0.90281 0.5 0.0037 1
11 0.94345 0.5 0.0041 1
11 0.94596 0.5 0.0006 1
24 0.48063 0.5 0.00938 1
24 0.5025 0.5 0.01528 1
24 0.53089 0.5 0.03334 1
4 0.06897 0.5 0.02594 1
4 0.12023 0.5 0.00134 1
4 0.20208 0.5 0.1634 1
4 0.40317 0.5 0.01122 1
