21 0.37134 0.5 0.00704 1
8 0.69244 0.5 0.00504 1
21 0.90667 0.5 0.00218 1
21 0.92311 0.5 0.00538 1
21 0.93215 0.5 0.00106 1
21 0.93423 0.5 0.00246 1
21 0.944 0.5 0.00508 1
21 0.96548 0.5 0.00752 1
21 0.97464 0.5 0.0096 1
8 0.9925 0.5 0.00468 1
21 0.99916 0.5 0.0018 1
2 0.03342 0.5 0.018 1
2 0.05478 0.5 0.01768 1
2 0.13084 0.5 0.00344 1
5 0.14484 0.5 0.02452 1
25 0.20887 0.5 0.00286 1
25 0.21265 0.5 0.00246 1
2 0.35238 0.5 0.0214 1
16 0.39016 0.5 0.0122 1
3 0.39352 0.5 0.00872 1
15 0.40897 0.5 0.00966 1
15 0.64659 0.5 0.01154 1
11 0.71885 0.5 0.01958 1
16 0.73029 0.5 0.00314 1
16 0.73143 0.5 0.00138 1
16 0.74468 0.5 0.00304 1
11 0.79133 0.5 0.08966 1
11 0.86734 0.5 0.06284 1
24 0.12654 0.5 0.0024 1
1 0.41836 0.5 0.006 1
4 0.01357 0.5 0.00246 1
4 0.06978 0.5 0.00628 1
4 0.08314 0.5 0.00696 1
4 0.09554 0.5 0.00264 1
4 0.1053 0.5 0.01632 1
