8 0.08894 0.5 0.00328 1
8 0.137 0.5 0.0928 1
8 0.18508 0.5 0.00328 1
21 0.6145 0.5 0.02304 1
0 0.93276 0.5 0.00628 1
0 0.93707 0.5 0.00198 1
0 0.94049 0.5 0.00346 1
0 0.94614 0.5 0.00588 1
11 0.00478 0.5 0.00452 1
11 0.02108 0.5 0.00476 1
11 0.2108 0.5 0.00168 1
2 0.2148 0.5 0.00656 1
11 0.22479 0.5 0.00522 1
2 0.22997 0.5 0.00558 1
11 0.23927 0.5 0.0051 1
2 0.24474 0.5 0.00576 1
11 0.25196 0.5 0.00052 1
11 0.25372 0.5 0.00296 1
11 0.25548 0.5 0.00052 1
2 0.2588 0.5 0.00648 1
11 0.26844 0.5 0.00488 1
2 0.27391 0.5 0.00654 1
11 0.28286 0.5 0.00492 1
2 0.28831 0.5 0.00658 1
11 0.298 0.5 0.00488 1
2 0.30347 0.5 0.00654 1
11 0.31242 0.5 0.00492 1
2 0.31791 0.5 0.0065 1
11 0.32781 0.5 0.00538 1
2 0.33347 0.5 0.0071 1
11 0.34272 0.5 0.00492 1
2 0.34815 0.5 0.00654 1
11 0.35769 0.5 0.00462 1
2 0.36325 0.5 0.00658 1
11 0.37278 0.5 0.0046 1
2 0.37682 0.5 0.0008 1
11 0.38291 0.5 0.00642 1
11 0.3911 0.5 0.00056 1
11 0.40061 0.5 0.00498 1
2 0.40829 0.5 0.00338 1
2 0.41984 0.5 0.00784 1
2 0.43609 0.5 0.02254 1
15 0.63417 0.5 0.00418 1
15 0.64231 0.5 0.00294 1
2 0.65538 0.5 0.00152 1
2 0.66312 0.5 0.00504 1
2 0.66638 0.5 0.00172 1
3 0.68062 0.5 0.02388 1
13 0.96459 0.5 0.00718 1
13 0.99054 0.5 0.00384 1
24 0.52662 0.5 0.00984 1
24 0.78694 0.5 0.00496 1
24 0.79099 0.5 0.0027 1
24 0.7938 0.5 0.00244 1
24 0.80123 0.5 0.0085 1
24 0.82344 0.5 0.03144 1
24 0.83953 0.5 0.0011 1
24 0.8685 0.5 0.01176 1
4 0.03156 0.5 0.01248 1
4 0.0495 0.5 0.009 1
4 0.05746 0.5 0.00312 1
4 0.20284 0.5 0.00176 1
4 0.21952 0.5 0.00284 1
4 0.23424 0.5 0.00292 1
4 0.24906 0.5 0.00284 1
4 0.26131 0.5 0.00186 1
4 0.26352 0.5 0.00292 1
4 0.27864 0.5 0.00288 1
4 0.29308 0.5 0.00292 1
4 0.3082 0.5 0.00288 1
4 0.32264 0.5 0.00292 1
4 0.33848 0.5 0.00288 1
4 0.3529 0.5 0.00292 1
4 0.36798 0.5 0.0028 1
4 0.37823 0.5 0.00226 1
4 0.97843 0.5 0.02054 1
18 0.01746 0.5 0.00208 1
