8 0.0469 0.5 0.0118 1
8 0.05853 0.5 0.0107 1
8 0.08851 0.5 0.03078 1
8 0.46975 0.5 0.00322 1
8 0.50744 0.5 0.07212 1
8 0.54762 0.5 0.00684 1
8 0.55977 0.5 0.01602 1
8 0.56941 0.5 0.00322 1
8 0.5723 0.5 0.00252 1
8 0.60678 0.5 0.00648 1
8 0.62679 0.5 0.03482 1
8 0.65366 0.5 0.01856 1
8 0.66605 0.5 0.00618 1
21 0.92061 0.5 0.06878 1
21 0.97227 0.5 0.03238 1
21 0.99157 0.5 0.00346 1
5 0.38385 0.5 0.00386 1
5 0.38828 0.5 0.00208 1
11 0.57696 0.5 0.0034 1
2 0.72703 0.5 0.01014 1
2 0.74005 0.5 0.00254 1
2 0.74963 0.5 0.01774 1
2 0.77182 0.5 0.01968 1
2 0.82232 0.5 0.02012 1
2 0.87486 0.5 0.0058 1
2 0.88239 0.5 0.00746 1
24 0.24311 0.5 0.00142 1
24 0.24554 0.5 0.00336 1
24 0.59196 0.5 0.00388 1
24 0.59877 0.5 0.0095 1
24 0.67463 0.5 0.01094 1
24 0.6962 0.5 0.0294 1
18 0.38637 0.5 0.00078 1
