21 0.07501 0.5 0.00082 1
21 0.0795 0.5 0.00908 1
21 0.10114 0.5 0.03416 1
21 0.1308 0.5 0.00088 1
21 0.14816 0.5 0.0338 1
21 0.17478 0.5 0.01044 1
21 0.18931 0.5 0.01718 1
21 0.22969 0.5 0.06294 1
21 0.3007 0.5 0.079 1
21 0.34471 0.5 0.00898 1
0 0.35614 0.5 0.00124 1
0 0.36635 0.5 0.00126 1
0 0.37644 0.5 0.00124 1
0 0.38601 0.5 0.00106 1
0 0.39625 0.5 0.00126 1
0 0.40635 0.5 0.00106 1
0 0.41661 0.5 0.00126 1
0 0.42681 0.5 0.00126 1
0 0.43691 0.5 0.00126 1
0 0.44698 0.5 0.00124 1
0 0.45717 0.5 0.00126 1
0 0.46719 0.5 0.00106 1
0 0.47749 0.5 0.00126 1
0 0.48759 0.5 0.00106 1
0 0.49785 0.5 0.00126 1
0 0.50795 0.5 0.00106 1
0 0.51821 0.5 0.00126 1
0 0.52839 0.5 0.00126 1
0 0.53847 0.5 0.00126 1
0 0.54856 0.5 0.00124 1
0 0.55811 0.5 0.00106 1
0 0.56835 0.5 0.00126 1
0 0.57855 0.5 0.00126 1
0 0.58863 0.5 0.00126 1
0 0.59872 0.5 0.00124 1
0 0.60827 0.5 0.00106 1
0 0.61851 0.5 0.00126 1
0 0.62861 0.5 0.00106 1
0 0.63887 0.5 0.00126 1
0 0.65842 0.5 0.00124 1
0 0.66797 0.5 0.00106 1
0 0.67821 0.5 0.00126 1
0 0.68831 0.5 0.00106 1
0 0.69855 0.5 0.00126 1
0 0.70874 0.5 0.00124 1
0 0.71829 0.5 0.00106 1
0 0.72853 0.5 0.00126 1
0 0.73863 0.5 0.00106 1
0 0.74887 0.5 0.00126 1
0 0.75897 0.5 0.00106 1
0 0.76923 0.5 0.00126 1
0 0.78876 0.5 0.00124 1
0 0.79899 0.5 0.00126 1
0 0.8091 0.5 0.00124 1
0 0.81927 0.5 0.00126 1
0 0.82938 0.5 0.00124 1
0 0.83955 0.5 0.00126 1
0 0.84965 0.5 0.00106 1
0 0.85991 0.5 0.00126 1
0 0.87009 0.5 0.00126 1
0 0.88017 0.5 0.00126 1
0 0.89024 0.5 0.00124 1
0 0.90045 0.5 0.00126 1
0 0.91108 0.5 0.00124 1
0 0.91985 0.5 0.00126 1
0 0.93005 0.5 0.00126 1
0 0.98637 0.5 0.00126 1
4 0.12428 0.5 0.01212 1
4 0.9399 0.5 0.00732 1
4 0.94677 0.5 0.00422 1
4 0.98135 0.5 0.00214 1
