8 0.21159 0.5 0.02602 1
21 0.23246 0.5 0.00252 1
8 0.2803 0.5 0.09504 1
8 0.64219 0.5 0.0011 1
21 0.88374 0.5 0.00072 1
8 0.95787 0.5 0.00334 1
8 0.96429 0.5 0.00782 1
8 0.97032 0.5 0.00264 1
8 0.97232 0.5 0.00144 1
2 0.10901 0.5 0.00158 1
2 0.12589 0.5 0.00134 1
13 0.54984 0.5 0.01376 1
13 0.89081 0.5 0.00278 1
24 0.0653 0.5 0.00212 1
4 0.39323 0.5 0.00214 1
4 0.57839 0.5 0.02706 1
4 0.67899 0.5 0.02086 1
4 0.68958 0.5 0.00076 1
18 0.07303 0.5 0.00078 1
18 0.66715 0.5 0.00062 1
18 0.69079 0.5 0.00134 1
18 0.84487 0.5 0.00106 1
18 0.8575 0.5 0.00064 1
18 0.87133 0.5 0.00098 1
