21 0.06106 0.5 0.00328 1
21 0.06303 0.5 0.00082 1
21 0.06899 0.5 0.00914 1
21 0.07601 0.5 0.00322 1
21 0.09707 0.5 0.02054 1
21 0.11485 0.5 0.00378 1
21 0.13761 0.5 0.03318 1
21 0.17083 0.5 0.03322 1
8 0.18719 0.5 0.0007 1
21 0.44988 0.5 0.05192 1
21 0.48589 0.5 0.01218 1
21 0.50026 0.5 0.00928 1
2 0.21257 0.5 0.05002 1
2 0.2386 0.5 0.00188 1
2 0.5723 0.5 0.02504 1
2 0.58756 0.5 0.00544 1
11 0.61506 0.5 0.02432 1
11 0.64321 0.5 0.02926 1
11 0.66773 0.5 0.01806 1
2 0.67839 0.5 0.00314 1
2 0.68024 0.5 0.00052 1
2 0.68143 0.5 0.00242 1
2 0.68475 0.5 0.00454 1
11 0.72171 0.5 0.06934 1
15 0.83905 0.5 0.0019 1
24 0.26978 0.5 0.00124 1
4 0.77822 0.5 0.0014 1
4 0.84445 0.5 0.00154 1
18 0.02584 0.5 0.00068 1
18 0.40569 0.5 0.00102 1
18 0.51929 0.5 0.00086 1
18 0.79965 0.5 0.00314 1
