21 0.20899 0.5 0.00154 1
8 0.24363 0.5 0.07046 1
8 0.29894 0.5 0.01832 1
21 0.41976 0.5 0.02116 1
21 0.47169 0.5 0.08318 1
21 0.52703 0.5 0.02738 1
21 0.55127 0.5 0.02106 1
21 0.81914 0.5 0.00124 1
21 0.82941 0.5 0.0011 1
21 0.877 0.5 0.0226 1
6 0.13082 0.5 0.0052 1
2 0.34849 0.5 0.01794 1
5 0.67384 0.5 0.02236 1
5 0.71065 0.5 0.02646 1
2 0.81813 0.5 0.00074 1
5 0.82113 0.5 0.0027 1
5 0.82686 0.5 0.00396 1
2 0.89282 0.5 0.009 1
2 0.90421 0.5 0.01378 1
5 0.92069 0.5 0.01094 1
2 0.93268 0.5 0.0016 1
13 0.93922 0.5 0.011 1
2 0.94622 0.5 0.00296 1
5 0.95994 0.5 0.00628 1
24 0.86001 0.5 0.01142 1
4 0.01525 0.5 0.00138 1
4 0.17379 0.5 0.0041 1
4 0.18826 0.5 0.02044 1
4 0.36016 0.5 0.00244 1
4 0.38036 0.5 0.00168 1
4 0.38575 0.5 0.0035 1
4 0.60125 0.5 0.00886 1
4 0.65853 0.5 0.00106 1
18 0.01963 0.5 0.00114 1
18 0.20133 0.5 0.00086 1
18 0.60974 0.5 0.00084 1
18 0.8019 0.5 0.0012 1
18 0.81063 0.5 0.0009 1
