0 0.00893 0.5 0.00146 1
0 0.01858 0.5 0.00144 1
0 0.02869 0.5 0.00146 1
0 0.03856 0.5 0.00124 1
0 0.04873 0.5 0.00146 1
0 0.05885 0.5 0.00146 1
0 0.06841 0.5 0.00122 1
0 0.07852 0.5 0.00144 1
0 0.08861 0.5 0.00146 1
0 0.09817 0.5 0.00122 1
0 0.10816 0.5 0.00124 1
0 0.11829 0.5 0.00146 1
0 0.12824 0.5 0.00124 1
0 0.13843 0.5 0.00146 1
0 0.14834 0.5 0.00124 1
0 0.15853 0.5 0.00146 1
0 0.1682 0.5 0.00144 1
0 0.17823 0.5 0.00146 1
0 0.18829 0.5 0.00146 1
0 0.19815 0.5 0.00126 1
0 0.20813 0.5 0.00126 1
0 0.21833 0.5 0.00146 1
0 0.22839 0.5 0.00146 1
0 0.23832 0.5 0.00124 1
0 0.24851 0.5 0.00146 1
0 0.25857 0.5 0.00146 1
0 0.2685 0.5 0.00124 1
0 0.27869 0.5 0.00146 1
0 0.28875 0.5 0.00146 1
0 0.29871 0.5 0.00126 1
0 0.30877 0.5 0.00126 1
0 0.31891 0.5 0.00146 1
0 0.32897 0.5 0.00146 1
0 0.33893 0.5 0.00126 1
0 0.34907 0.5 0.00146 1
0 0.35903 0.5 0.00126 1
0 0.36921 0.5 0.00146 1
0 0.37915 0.5 0.00126 1
0 0.38931 0.5 0.00146 1
0 0.39929 0.5 0.00126 1
0 0.40947 0.5 0.00146 1
0 0.41941 0.5 0.00126 1
0 0.42957 0.5 0.00146 1
0 0.43951 0.5 0.00126 1
0 0.44969 0.5 0.00146 1
0 0.45959 0.5 0.00126 1
0 0.46963 0.5 0.00126 1
0 0.48947 0.5 0.00146 1
0 0.49957 0.5 0.00146 1
0 0.50951 0.5 0.00126 1
0 0.51955 0.5 0.00126 1
0 0.53977 0.5 0.00146 1
0 0.54983 0.5 0.00146 1
0 0.55976 0.5 0.00124 1
0 0.56993 0.5 0.00146 1
0 0.57987 0.5 0.00126 1
0 0.58983 0.5 0.00122 1
0 0.59981 0.5 0.00126 1
0 0.61003 0.5 0.00146 1
0 0.61997 0.5 0.00126 1
0 0.62995 0.5 0.00126 1
0 0.63999 0.5 0.00138 1
0 0.64975 0.5 0.00126 1
0 0.6596 0.5 0.00124 1
0 0.66965 0.5 0.00126 1
0 0.67783 0.5 0.00146 1
0 0.68789 0.5 0.00146 1
0 0.69793 0.5 0.00146 1
0 0.70785 0.5 0.00126 1
0 0.71805 0.5 0.00146 1
0 0.72813 0.5 0.00146 1
0 0.73823 0.5 0.00146 1
0 0.74831 0.5 0.00146 1
0 0.75837 0.5 0.00146 1
0 0.76829 0.5 0.00126 1
0 0.77847 0.5 0.00146 1
0 0.78839 0.5 0.00126 1
0 0.79859 0.5 0.00146 1
0 0.80871 0.5 0.00146 1
0 0.81879 0.5 0.00146 1
0 0.82887 0.5 0.00146 1
0 0.83893 0.5 0.00146 1
0 0.84885 0.5 0.00126 1
0 0.85903 0.5 0.00146 1
0 0.86913 0.5 0.00146 1
0 0.87921 0.5 0.00146 1
0 0.88927 0.5 0.00146 1
0 0.89919 0.5 0.00126 1
0 0.90937 0.5 0.00146 1
0 0.91945 0.5 0.00146 1
0 0.92935 0.5 0.00126 1
0 0.93953 0.5 0.00146 1
0 0.94943 0.5 0.00126 1
0 0.95963 0.5 0.00146 1
0 0.96973 0.5 0.00146 1
0 0.97981 0.5 0.00146 1
0 0.98973 0.5 0.00126 1
0 0.99993 0.5 0.00146 1
18 0.02727 0.5 0.00062 1
18 0.11688 0.5 0.0006 1
18 0.12697 0.5 0.00062 1
18 0.13702 0.5 0.0006 1
18 0.22698 0.5 0.0006 1
18 0.23706 0.5 0.0006 1
18 0.2471 0.5 0.0006 1
18 0.25716 0.5 0.0006 1
18 0.26724 0.5 0.0006 1
18 0.27728 0.5 0.0006 1
18 0.28734 0.5 0.0006 1
18 0.32756 0.5 0.0006 1
18 0.39796 0.5 0.00064 1
18 0.46832 0.5 0.0006 1
18 0.51824 0.5 0.0006 1
18 0.53836 0.5 0.0006 1
18 0.54842 0.5 0.0006 1
18 0.6187 0.5 0.00052 1
18 0.67641 0.5 0.00062 1
18 0.68647 0.5 0.00062 1
18 0.70657 0.5 0.00054 1
18 0.71663 0.5 0.00062 1
18 0.74689 0.5 0.00062 1
18 0.76701 0.5 0.00054 1
18 0.77705 0.5 0.00062 1
18 0.82745 0.5 0.00062 1
18 0.85761 0.5 0.00062 1
18 0.87778 0.5 0.00064 1
18 0.89791 0.5 0.00054 1
18 0.90795 0.5 0.00062 1
18 0.91802 0.5 0.00064 1
18 0.92806 0.5 0.00056 1
18 0.93811 0.5 0.00062 1
18 0.94814 0.5 0.00056 1
18 0.96829 0.5 0.00066 1
18 0.97839 0.5 0.00062 1
