8 0.35386 0.5 0.00588 1
21 0.51621 0.5 0.02326 1
21 0.53057 0.5 0.00542 1
21 0.59048 0.5 0.11328 1
21 0.65835 0.5 0.02314 1
15 0.45744 0.5 0.01672 1
2 0.47815 0.5 0.02378 1
16 0.4983 0.5 0.00484 1
5 0.8774 0.5 0.00572 1
3 0.90527 0.5 0.0249 1
25 0.93414 0.5 0.00416 1
25 0.9489 0.5 0.00768 1
25 0.9604 0.5 0.00712 1
24 0.15278 0.5 0.0076 1
4 0.25068 0.5 0.01344 1
4 0.32862 0.5 0.00392 1
4 0.33314 0.5 0.00532 1
4 0.33804 0.5 0.00176 1
4 0.3419 0.5 0.00532 1
4 0.76313 0.5 0.0037 1
4 0.77168 0.5 0.01388 1
4 0.78973 0.5 0.00422 1
4 0.92585 0.5 0.01122 1
18 0.28923 0.5 0.00078 1
18 0.68653 0.5 0.0009 1
18 0.93683 0.5 0.00098 1
