8 0.20318 0.5 0.0082 1
8 0.20896 0.5 0.00316 1
8 0.22801 0.5 0.03458 1
8 0.27038 0.5 0.0508 1
8 0.2984 0.5 0.0034 1
8 0.42523 0.5 0.00486 1
8 0.43178 0.5 0.0082 1
8 0.43781 0.5 0.00362 1
21 0.96463 0.5 0.00238 1
21 0.98223 0.5 0.02762 1
21 0.99725 0.5 0.00238 1
10 0.76062 0.5 0.00112 1
10 0.76398 0.5 0.00112 1
24 0.31793 0.5 0.03186 1
24 0.35376 0.5 0.03988 1
24 0.37766 0.5 0.00276 1
24 0.38436 0.5 0.00532 1
24 0.40081 0.5 0.0131 1
24 0.41853 0.5 0.0015 1
4 0.04796 0.5 0.0026 1
4 0.05541 0.5 0.00218 1
4 0.06246 0.5 0.01024 1
4 0.09916 0.5 0.03184 1
4 0.13859 0.5 0.04742 1
4 0.56382 0.5 0.00296 1
4 0.57106 0.5 0.00212 1
4 0.578 0.5 0.01048 1
4 0.65278 0.5 0.10768 1
4 0.71935 0.5 0.02582 1
4 0.79492 0.5 0.00584 1
4 0.9372 0.5 0.00184 1
18 0.06848 0.5 0.00096 1
18 0.58416 0.5 0.00096 1
18 0.96641 0.5 0.00114 1
