21 0.05103 0.5 0.04914 1
8 0.37341 0.5 0.00102 1
8 0.47526 0.5 0.01248 1
8 0.52421 0.5 0.08538 1
8 0.57534 0.5 0.01248 1
21 0.93228 0.5 0.00204 1
21 0.93687 0.5 0.0053 1
21 0.95022 0.5 0.00832 1
21 0.97274 0.5 0.00204 1
21 0.98213 0.5 0.00558 1
2 0.0835 0.5 0.00608 1
15 0.15087 0.5 0.00078 1
5 0.17102 0.5 0.00316 1
12 0.34542 0.5 0.014 1
12 0.35726 0.5 0.00952 1
12 0.3651 0.5 0.00504 1
2 0.61195 0.5 0.00154 1
2 0.62194 0.5 0.00612 1
2 0.63025 0.5 0.00438 1
2 0.63965 0.5 0.00138 1
5 0.72151 0.5 0.00242 1
2 0.91447 0.5 0.02074 1
2 0.97712 0.5 0.0044 1
2 0.98527 0.5 0.00066 1
24 0.19935 0.5 0.00118 1
24 0.84036 0.5 0.0616 1
24 0.89969 0.5 0.0017 1
4 0.02477 0.5 0.00078 1
4 0.19085 0.5 0.0177 1
18 0.28542 0.5 0.00256 1
18 0.41562 0.5 0.00056 1
18 0.42595 0.5 0.0011 1
18 0.61391 0.5 0.00146 1
18 0.63642 0.5 0.001 1
18 0.80294 0.5 0.00076 1
