21 0.0607 0.5 0.07296 1
21 0.11237 0.5 0.02998 1
21 0.13169 0.5 0.00862 1
21 0.1363 0.5 0.00096 1
21 0.15369 0.5 0.03382 1
21 0.17165 0.5 0.00106 1
21 0.18562 0.5 0.02608 1
21 0.20099 0.5 0.00462 1
21 0.21149 0.5 0.01634 1
21 0.22002 0.5 0.00068 1
21 0.22118 0.5 0.00272 1
8 0.22351 0.5 0.00222 1
21 0.23582 0.5 0.00304 1
8 0.29205 0.5 0.00394 1
21 0.37417 0.5 0.1603 1
21 0.45998 0.5 0.00448 1
21 0.4657 0.5 0.0032 1
21 0.5025 0.5 0.07024 1
21 0.55509 0.5 0.0349 1
5 0.23209 0.5 0.00322 1
2 0.24996 0.5 0.00672 1
2 0.26393 0.5 0.0071 1
11 0.60079 0.5 0.04054 1
11 0.66597 0.5 0.05902 1
11 0.72347 0.5 0.0545 1
2 1.07249 0.5 0.29898 1
4 0.26946 0.5 0.00428 1
4 0.2747 0.5 0.006 1
4 0.75765 0.5 0.00366 1
4 0.77193 0.5 0.01002 1
18 0.79211 0.5 0.0017 1
18 0.85439 0.5 0.0017 1
