8 0.25627 0.5 0.00538 1
8 0.26423 0.5 0.00954 1
21 0.30349 0.5 0.04214 1
8 0.37643 0.5 0.0261 1
8 0.39054 0.5 0.0016 1
0 0.48337 0.5 0.00706 1
0 0.48801 0.5 0.00218 1
0 0.49263 0.5 0.00702 1
21 0.50736 0.5 0.0064 1
21 0.52024 0.5 0.01712 1
21 0.53901 0.5 0.02038 1
21 0.55603 0.5 0.0097 1
21 0.58092 0.5 0.03488 1
21 0.6006 0.5 0.00328 1
21 0.61388 0.5 0.02324 1
21 0.62744 0.5 0.00376 1
21 0.63223 0.5 0.00698 1
21 0.63719 0.5 0.00162 1
21 0.63854 0.5 0.00112 1
21 0.6448 0.5 0.00488 1
21 0.74911 0.5 0.00974 1
21 0.7607 0.5 0.0134 1
21 0.82692 0.5 0.02392 1
21 0.93625 0.5 0.11426 1
21 1.00925 0.5 0.03246 1
6 0.15069 0.5 0.00278 1
2 0.68867 0.5 0.0013 1
2 0.68968 0.5 0.00068 1
2 0.68983 0.5 0.0005 1
2 0.69339 0.5 0.00626 1
2 0.69722 0.5 0.00164 1
10 0.73945 0.5 0.00946 1
11 0.77014 0.5 0.00544 1
11 0.78864 0.5 0.01672 1
11 0.80467 0.5 0.01322 1
11 0.84948 0.5 0.0186 1
11 0.86672 0.5 0.01284 1
11 0.87622 0.5 0.00552 1
4 0.47875 0.5 0.00182 1
4 0.49935 0.5 0.0063 1
4 0.68236 0.5 0.0042 1
4 0.71664 0.5 0.02144 1
