8 0.05625 0.5 0.0193 1
8 0.07925 0.5 0.0265 1
21 0.51593 0.5 0.02074 1
0 0.52985 0.5 0.00706 1
0 0.53454 0.5 0.00212 1
0 0.53925 0.5 0.00726 1
0 0.54401 0.5 0.00214 1
0 0.54866 0.5 0.00708 1
0 0.55642 0.5 0.00528 1
21 0.56447 0.5 0.01038 1
8 0.57918 0.5 0.00316 1
21 0.58484 0.5 0.00424 1
21 0.58841 0.5 0.00286 1
21 0.89273 0.5 0.0055 1
2 0.2168 0.5 0.22436 1
2 0.33111 0.5 0.00586 1
2 0.34437 0.5 0.02098 1
2 0.41103 0.5 0.11206 1
2 0.46846 0.5 0.00228 1
2 0.47506 0.5 0.0086 1
2 0.48266 0.5 0.00384 1
2 0.49543 0.5 0.01706 1
2 0.50468 0.5 0.00164 1
2 0.57218 0.5 0.005 1
2 0.57693 0.5 0.00118 1
25 0.62426 0.5 0.0008 1
2 0.64371 0.5 0.01038 1
2 0.64903 0.5 0.00098 1
2 0.65432 0.5 0.00908 1
2 0.6854 0.5 0.00244 1
2 0.69076 0.5 0.0026 1
2 0.70848 0.5 0.00984 1
2 0.71758 0.5 0.00124 1
2 0.7254 0.5 0.00532 1
2 0.74154 0.5 0.00452 1
24 0.76465 0.5 0.0015 1
24 0.77718 0.5 0.0154 1
24 0.79177 0.5 0.00626 1
24 0.83743 0.5 0.06982 1
24 0.87985 0.5 0.0079 1
18 0.91607 0.5 0.00066 1
18 0.91844 0.5 0.00116 1
