21 0.4099 0.5 0.00376 1
21 0.42473 0.5 0.01402 1
21 0.43967 0.5 0.01586 1
21 0.45932 0.5 0.0234 1
21 0.47437 0.5 0.00666 1
21 0.49079 0.5 0.02642 1
21 0.50486 0.5 0.00168 1
21 0.5362 0.5 0.02236 1
21 0.5575 0.5 0.02012 1
21 0.57795 0.5 0.01602 1
21 0.58717 0.5 0.00194 1
21 0.60058 0.5 0.0248 1
21 0.64798 0.5 0.0352 1
8 0.94297 0.5 0.0003 1
21 0.94394 0.5 0.0016 1
11 0.03326 0.5 0.00436 1
15 0.50758 0.5 0.00372 1
15 0.52373 0.5 0.00254 1
2 0.76745 0.5 0.00174 1
2 0.78961 0.5 0.00678 1
2 0.83759 0.5 0.00674 1
2 0.96059 0.5 0.00662 1
2 0.96331 0.5 0.0015 1
2 0.9698 0.5 0.0072 1
24 0.77583 0.5 0.01498 1
4 0.12739 0.5 0.07246 1
4 0.18269 0.5 0.03842 1
4 0.20244 0.5 0.00128 1
4 0.21156 0.5 0.01736 1
4 0.27592 0.5 0.11132 1
4 0.36078 0.5 0.05756 1
4 0.39066 0.5 0.00084 1
4 0.39243 0.5 0.0023 1
4 0.62558 0.5 0.0032 1
18 0.67875 0.5 0.00122 1
18 0.72454 0.5 0.00104 1
