21 0.05987 0.5 0.03622 1
8 0.11432 0.5 0.07112 1
8 0.15029 0.5 0.00078 1
8 0.15548 0.5 0.00892 1
8 0.18149 0.5 0.04326 1
8 0.21132 0.5 0.01652 1
8 0.2202 0.5 0.00144 1
8 0.2247 0.5 0.00752 1
21 0.26325 0.5 0.00242 1
21 0.26748 0.5 0.00476 1
8 0.27674 0.5 0.00912 1
8 0.28738 0.5 0.01212 1
8 0.29617 0.5 0.00298 1
8 0.60672 0.5 0.00508 1
8 0.61578 0.5 0.01288 1
8 0.62634 0.5 0.0074 1
8 0.81053 0.5 0.0333 1
21 0.86184 0.5 0.06928 1
21 0.91445 0.5 0.03378 1
21 0.93389 0.5 0.0029 1
0 0.97596 0.5 0.00608 1
0 0.98048 0.5 0.00216 1
0 0.9852 0.5 0.00708 1
0 0.98983 0.5 0.00214 1
0 0.99343 0.5 0.00494 1
2 0.46778 0.5 0.24588 1
11 0.63236 0.5 0.00452 1
11 0.67645 0.5 0.07166 1
11 0.73515 0.5 0.0059 1
11 0.74153 0.5 0.00162 1
11 0.75924 0.5 0.03044 1
2 0.95455 0.5 0.01578 1
4 0.96986 0.5 0.006 1
4 0.99725 0.5 0.0023 1
