8 0.06286 0.5 0.00376 1
8 0.06792 0.5 0.00688 1
21 0.4367 0.5 0.00656 1
8 0.44053 0.5 0.00106 1
21 0.46145 0.5 0.0067 1
8 0.67808 0.5 0.00504 1
15 0.25303 0.5 0.00982 1
15 0.63355 0.5 0.01114 1
13 0.70392 0.5 0.01072 1
13 0.73746 0.5 0.01016 1
25 0.9091 0.5 0.00672 1
17 0.98957 0.5 0.0025 1
24 0.3879 0.5 0.00404 1
24 0.39294 0.5 0.0024 1
24 0.42997 0.5 0.00322 1
4 0.07914 0.5 0.0028 1
4 0.08166 0.5 0.0038 1
4 0.08989 0.5 0.00118 1
4 0.09081 0.5 0.00154 1
4 0.09718 0.5 0.01208 1
4 0.1147 0.5 0.0154 1
18 0.14269 0.5 0.0011 1
18 0.14277 0.5 0.00086 1
18 0.3842 0.5 0.00072 1
18 0.66829 0.5 0.00082 1
