21 0.10476 0.5 0.00068 1
21 0.11439 0.5 0.0043 1
21 0.21369 0.5 0.0293 1
21 0.23929 0.5 0.0231 1
21 0.25407 0.5 0.00638 1
21 0.29763 0.5 0.0807 1
21 0.3383 0.5 0.00184 1
21 0.33912 0.5 0.00056 1
21 0.34114 0.5 0.0032 1
21 0.36041 0.5 0.03298 1
21 0.39455 0.5 0.03514 1
8 0.50997 0.5 0.00798 1
8 0.51586 0.5 0.00372 1
8 0.56551 0.5 0.09554 1
8 0.61549 0.5 0.00254 1
8 0.62176 0.5 0.00244 1
8 0.6248 0.5 0.00424 1
8 0.63095 0.5 0.00802 1
8 0.63684 0.5 0.00372 1
8 0.75999 0.5 0.01026 1
8 0.77125 0.5 0.01194 1
21 0.88776 0.5 0.0046 1
21 0.92215 0.5 0.06414 1
21 0.96769 0.5 0.02642 1
21 0.9952 0.5 0.02708 1
2 0.16646 0.5 0.02932 1
2 0.18975 0.5 0.01854 1
2 0.43006 0.5 0.03584 1
2 0.45059 0.5 0.00502 1
2 0.48017 0.5 0.05158 1
2 0.64478 0.5 0.01204 1
2 0.67913 0.5 0.0563 1
2 0.74829 0.5 0.00106 1
2 0.75075 0.5 0.00446 1
11 0.82029 0.5 0.08446 1
11 0.87368 0.5 0.02252 1
18 0.0493 0.5 0.00076 1
