21 0.03389 0.5 0.0029 1
0 0.07596 0.5 0.00608 1
0 0.08048 0.5 0.00216 1
0 0.0852 0.5 0.00708 1
0 0.08983 0.5 0.00214 1
0 0.09343 0.5 0.00494 1
8 0.169 0.5 0.02732 1
8 0.1896 0.5 0.00744 1
8 0.19773 0.5 0.00878 1
8 0.20531 0.5 0.00638 1
21 0.21763 0.5 0.0187 1
8 0.25624 0.5 0.01372 1
21 0.26964 0.5 0.01316 1
21 0.29324 0.5 0.034 1
21 0.31807 0.5 0.00774 1
21 0.34015 0.5 0.03638 1
21 0.39195 0.5 0.06718 1
21 0.44298 0.5 0.03484 1
21 0.52549 0.5 0.00698 1
21 0.5299 0.5 0.00096 1
21 0.53105 0.5 0.00174 1
21 0.54961 0.5 0.0355 1
21 0.59268 0.5 0.0506 1
21 0.62535 0.5 0.01486 1
21 0.65034 0.5 0.02096 1
21 0.66636 0.5 0.00984 1
21 0.68599 0.5 0.0295 1
21 0.71052 0.5 0.01956 1
21 0.74012 0.5 0.03868 1
21 0.77014 0.5 0.02064 1
21 0.78416 0.5 0.00736 1
21 0.7885 0.5 0.00236 1
21 0.78963 0.5 0.00074 1
21 0.81611 0.5 0.05182 1
21 0.8521 0.5 0.01652 1
21 0.86404 0.5 0.00732 1
21 0.8698 0.5 0.0042 1
21 0.87939 0.5 0.01494 1
21 0.89795 0.5 0.02238 1
21 0.92066 0.5 0.023 1
21 0.93947 0.5 0.01458 1
21 0.95248 0.5 0.01164 1
21 0.96101 0.5 0.00538 1
21 0.98528 0.5 0.04384 1
2 0.05455 0.5 0.01578 1
4 0.06986 0.5 0.006 1
4 0.09725 0.5 0.0023 1
4 0.11065 0.5 0.00222 1
4 0.13288 0.5 0.01692 1
