8 0.37161 0.5 0.00406 1
8 0.44643 0.5 0.00418 1
21 0.49351 0.5 0.0033 1
2 0.0856 0.5 0.0384 1
2 0.10897 0.5 0.00774 1
2 0.16341 0.5 0.00618 1
2 0.25797 0.5 0.00186 1
16 0.55632 0.5 0.00384 1
15 0.73749 0.5 0.00754 1
24 0.28664 0.5 0.001 1
23 0.47603 0.5 0.00446 1
24 0.54773 0.5 0.00914 1
4 0.27394 0.5 0.022 1
4 0.46503 0.5 0.00274 1
4 0.56035 0.5 0.0039 1
4 0.56657 0.5 0.00158 1
4 0.75689 0.5 0.00766 1
4 0.77225 0.5 0.0191 1
4 0.81652 0.5 0.00188 1
18 0.19922 0.5 0.00128 1
18 0.44103 0.5 0.00054 1
