21 0.39875 0.5 0.0241 1
21 0.41867 0.5 0.0157 1
21 0.43057 0.5 0.0047 1
21 0.43485 0.5 0.0013 1
21 0.46473 0.5 0.05562 1
21 0.54158 0.5 0.02428 1
21 0.80018 0.5 0.0044 1
21 0.88339 0.5 0.01598 1
2 0.01101 0.5 0.01266 1
5 0.02299 0.5 0.0113 1
5 0.04446 0.5 0.03168 1
5 0.063 0.5 0.00644 1
13 0.17523 0.5 0.00102 1
5 0.22806 0.5 0.033 1
5 0.24725 0.5 0.00642 1
2 0.25592 0.5 0.00436 1
2 0.27242 0.5 0.0038 1
5 0.33591 0.5 0.00394 1
5 0.36986 0.5 0.00332 1
5 0.38015 0.5 0.01294 1
5 0.51256 0.5 0.00332 1
5 0.52287 0.5 0.01298 1
2 0.56322 0.5 0.01284 1
2 0.56683 0.5 0.01006 1
2 0.57592 0.5 0.009 1
2 0.5911 0.5 0.01768 1
2 0.60461 0.5 0.00954 1
2 0.6372 0.5 0.00244 1
2 0.64452 0.5 0.00828 1
11 0.78321 0.5 0.00058 1
11 0.78473 0.5 0.0023 1
5 0.80484 0.5 0.00488 1
11 0.8565 0.5 0.00628 1
11 0.97283 0.5 0.16286 1
4 0.65351 0.5 0.00434 1
4 0.67871 0.5 0.01814 1
4 0.6895 0.5 0.0024 1
4 0.74524 0.5 0.07492 1
4 0.78879 0.5 0.00582 1
4 0.7941 0.5 0.00092 1
18 0.83887 0.5 0.00126 1
