8 0.06202 0.5 0.01 1
8 0.08354 0.5 0.03264 1
8 0.11937 0.5 0.03546 1
8 0.15663 0.5 0.03786 1
8 0.17802 0.5 0.00216 1
8 0.18239 0.5 0.00638 1
8 0.22673 0.5 0.0063 1
8 0.23491 0.5 0.00998 1
8 0.6628 0.5 0.00308 1
8 0.71098 0.5 0.09324 1
8 0.75918 0.5 0.00308 1
21 0.78565 0.5 0.00498 1
21 0.79889 0.5 0.02278 1
15 0.03839 0.5 0.00658 1
25 0.41315 0.5 0.00846 1
25 0.42794 0.5 0.0106 1
25 0.43535 0.5 0.00422 1
25 0.43998 0.5 0.00812 1
25 0.44914 0.5 0.01016 1
2 0.47049 0.5 0.00366 1
25 0.49078 0.5 0.0054 1
2 0.60912 0.5 0.02396 1
5 0.77543 0.5 0.00286 1
5 0.77921 0.5 0.00326 1
5 0.78193 0.5 0.00226 1
5 0.81785 0.5 0.0151 1
5 0.84821 0.5 0.0221 1
2 0.89318 0.5 0.0044 1
2 0.90505 0.5 0.0073 1
2 0.9454 0.5 0.04668 1
2 1.00154 0.5 0.01096 1
24 0.37 0.5 0.01064 1
24 0.46298 0.5 0.0022 1
4 0.25306 0.5 0.00496 1
18 0.04993 0.5 0.00086 1
18 0.31397 0.5 0.00082 1
18 0.57599 0.5 0.00078 1
18 0.62613 0.5 0.00078 1
18 0.65506 0.5 0.00056 1
18 0.87619 0.5 0.00102 1
18 0.97965 0.5 0.00078 1
