21 0.11857 0.5 0.0227 1
8 0.51218 0.5 0.01176 1
8 0.54796 0.5 0.04672 1
21 0.72353 0.5 0.01438 1
21 0.73435 0.5 0.00722 1
21 0.74695 0.5 0.01694 1
21 0.75598 0.5 0.00128 1
21 0.75893 0.5 0.00398 1
21 0.76114 0.5 0.00128 1
21 0.76722 0.5 0.01044 1
21 0.79037 0.5 0.02666 1
21 0.8128 0.5 0.01468 1
21 0.83822 0.5 0.03636 1
21 0.9197 0.5 0.01588 1
21 0.93264 0.5 0.00996 1
21 0.94581 0.5 0.01634 1
5 0.02069 0.5 0.01094 1
2 0.03268 0.5 0.0016 1
13 0.03922 0.5 0.011 1
2 0.04622 0.5 0.00296 1
5 0.05994 0.5 0.00628 1
2 0.14143 0.5 0.02298 1
5 0.32984 0.5 0.00672 1
2 0.38582 0.5 0.0032 1
2 0.41212 0.5 0.00192 1
2 0.41446 0.5 0.00224 1
2 0.41681 0.5 0.00194 1
2 0.41918 0.5 0.00224 1
2 0.42173 0.5 0.0023 1
2 0.43347 0.5 0.00354 1
5 0.48822 0.5 0.0064 1
2 0.62239 0.5 0.00222 1
2 0.63608 0.5 0.01344 1
2 0.65417 0.5 0.00258 1
11 0.90345 0.5 0.0031 1
24 0.43568 0.5 0.00132 1
24 1.01505 0.5 0.11206 1
4 0.22858 0.5 0.00108 1
4 0.45916 0.5 0.0476 1
18 0.24509 0.5 0.00122 1
