21 0.02066 0.5 0.023 1
21 0.03947 0.5 0.01458 1
21 0.05248 0.5 0.01164 1
21 0.06101 0.5 0.00538 1
21 0.08528 0.5 0.04384 1
21 0.10936 0.5 0.00444 1
21 0.11336 0.5 0.0012 1
21 0.11771 0.5 0.0051 1
21 0.12994 0.5 0.01612 1
21 0.14995 0.5 0.02386 1
21 0.21332 0.5 0.00852 1
21 0.21804 0.5 0.001 1
21 0.23743 0.5 0.03734 1
21 0.26746 0.5 0.02228 1
21 0.28441 0.5 0.0129 1
21 0.30179 0.5 0.02174 1
21 0.31396 0.5 0.00256 1
21 0.32022 0.5 0.00212 1
21 0.33342 0.5 0.02368 1
21 0.44392 0.5 0.00776 1
21 0.44901 0.5 0.00242 1
21 0.45632 0.5 0.01208 1
21 0.49735 0.5 0.02262 1
21 0.51472 0.5 0.01208 1
21 0.55501 0.5 0.06858 1
0 0.5994 0.5 0.001 1
21 0.71013 0.5 0.00102 1
21 0.71725 0.5 0.01142 1
21 0.77214 0.5 0.00712 1
21 0.77655 0.5 0.0017 1
21 0.78683 0.5 0.01842 1
21 0.90154 0.5 0.0078 1
21 0.91592 0.5 0.02088 1
21 0.93149 0.5 0.01018 1
21 0.94269 0.5 0.01206 1
11 0.36454 0.5 0.00788 1
11 0.38023 0.5 0.01142 1
11 0.40149 0.5 0.01966 1
5 0.4703 0.5 0.00236 1
5 0.47693 0.5 0.00198 1
11 0.62163 0.5 0.00718 1
11 0.6372 0.5 0.01092 1
2 0.64585 0.5 0.0021 1
2 0.64746 0.5 0.0042 1
2 0.65422 0.5 0.00456 1
2 0.65985 0.5 0.00622 1
25 0.80145 0.5 0.01078 1
25 0.95077 0.5 0.00394 1
25 0.9618 0.5 0.01444 1
4 0.68484 0.5 0.01272 1
4 0.69712 0.5 0.00792 1
4 0.70183 0.5 0.0003 1
4 0.81377 0.5 0.01174 1
4 0.83784 0.5 0.017 1
4 0.87568 0.5 0.04328 1
4 0.98965 0.5 0.03714 1
18 0.12094 0.5 0.0012 1
