21 0.01097 0.5 0.01698 1
21 0.02013 0.5 0.00106 1
21 0.02101 0.5 0.00154 1
21 0.02242 0.5 0.00084 1
21 0.02411 0.5 0.00194 1
21 0.03272 0.5 0.01528 1
21 0.04407 0.5 0.0065 1
21 0.04882 0.5 0.00092 1
21 0.05333 0.5 0.00846 1
21 0.05904 0.5 0.00344 1
21 0.07296 0.5 0.02372 1
21 0.08755 0.5 0.00502 1
21 0.10663 0.5 0.0331 1
21 0.14028 0.5 0.03416 1
21 0.17047 0.5 0.02406 1
21 0.18456 0.5 0.00352 1
21 0.20395 0.5 0.00378 1
21 0.21721 0.5 0.0227 1
21 0.23656 0.5 0.00556 1
21 0.27369 0.5 0.06138 1
21 0.30777 0.5 0.00674 1
21 0.33257 0.5 0.0161 1
21 0.35 0.5 0.01872 1
21 0.36638 0.5 0.0152 1
21 0.40639 0.5 0.02954 1
11 0.3828 0.5 0.0176 1
11 0.45009 0.5 0.04762 1
11 0.47988 0.5 0.01164 1
11 0.49401 0.5 0.00386 1
11 0.50306 0.5 0.01396 1
11 0.51315 0.5 0.00334 1
11 0.54842 0.5 0.00376 1
2 0.58063 0.5 0.0021 1
24 0.55368 0.5 0.0066 1
24 0.60827 0.5 0.00546 1
24 0.65244 0.5 0.00368 1
24 0.66575 0.5 0.00282 1
24 0.67381 0.5 0.01198 1
24 0.97854 0.5 0.002 1
24 0.99281 0.5 0.0131 1
4 0.58013 0.5 0.00158 1
4 0.62519 0.5 0.01046 1
4 0.63468 0.5 0.003 1
4 0.69169 0.5 0.00362 1
4 0.73267 0.5 0.0013 1
4 0.78389 0.5 0.01094 1
4 0.80147 0.5 0.01222 1
4 0.83108 0.5 0.00956 1
4 0.84069 0.5 0.00458 1
4 0.8509 0.5 0.00588 1
4 0.85771 0.5 0.00362 1
18 0.32222 0.5 0.0042 1
18 0.57423 0.5 0.00118 1
