21 0.14415 0.5 0.0227 1
8 0.67071 0.5 0.01826 1
8 0.69266 0.5 0.02064 1
8 0.70422 0.5 0.0024 1
2 0.12366 0.5 0.00164 1
2 0.15753 0.5 0.00402 1
2 0.19742 0.5 0.01024 1
2 0.37517 0.5 0.00746 1
2 0.38464 0.5 0.01144 1
2 0.4209 0.5 0.00164 1
2 0.43257 0.5 0.00166 1
5 0.5422 0.5 0.00148 1
5 0.54967 0.5 0.00402 1
5 0.56049 0.5 0.01758 1
25 0.57946 0.5 0.00196 1
2 0.59251 0.5 0.00166 1
25 0.62461 0.5 0.00386 1
25 0.65876 0.5 0.00096 1
2 0.85487 0.5 0.00482 1
10 0.87147 0.5 0.00422 1
10 0.87937 0.5 0.0107 1
10 0.888 0.5 0.00644 1
10 0.89702 0.5 0.0048 1
25 0.92766 0.5 0.0152 1
24 0.10814 0.5 0.00176 1
24 0.2328 0.5 0.00292 1
1 0.3398 0.5 0.00412 1
4 0.0403 0.5 0.00336 1
4 0.04529 0.5 0.00654 1
4 0.05084 0.5 0.00464 1
4 0.06383 0.5 0.02162 1
4 0.07998 0.5 0.00996 1
4 0.1157 0.5 0.0044 1
4 0.12055 0.5 0.0041 1
4 0.31289 0.5 0.00086 1
4 0.47365 0.5 0.0013 1
4 0.51505 0.5 0.00222 1
4 0.5176 0.5 0.00164 1
4 0.90093 0.5 0.0029 1
4 0.9148 0.5 0.00356 1
4 0.95841 0.5 0.00598 1
4 0.99545 0.5 0.00958 1
18 0.12655 0.5 0.00102 1
18 0.26632 0.5 0.00092 1
18 0.60151 0.5 0.00106 1
18 0.63177 0.5 0.00086 1
