0 0.00559 0.5 0.00126 1
0 0.01581 0.5 0.00146 1
0 0.02545 0.5 0.00126 1
0 0.03551 0.5 0.00126 1
0 0.04537 0.5 0.00146 1
0 0.05539 0.5 0.00126 1
0 0.06561 0.5 0.00146 1
0 0.07525 0.5 0.00126 1
0 0.08531 0.5 0.00126 1
0 0.09515 0.5 0.00146 1
0 0.10515 0.5 0.00126 1
0 0.11499 0.5 0.00146 1
0 0.12501 0.5 0.00126 1
0 0.13523 0.5 0.00146 1
0 0.14519 0.5 0.00126 1
0 0.15527 0.5 0.00126 1
0 0.16537 0.5 0.00126 1
0 0.17562 0.5 0.00148 1
0 0.18525 0.5 0.00126 1
0 0.19547 0.5 0.00146 1
0 0.20521 0.5 0.00146 1
0 0.21527 0.5 0.00146 1
0 0.22501 0.5 0.00146 1
0 0.23501 0.5 0.00126 1
0 0.24485 0.5 0.00146 1
0 0.25497 0.5 0.00146 1
0 0.26505 0.5 0.00146 1
0 0.27513 0.5 0.00146 1
0 0.28525 0.5 0.00146 1
0 0.2954 0.5 0.00148 1
0 0.30513 0.5 0.00146 1
0 0.31525 0.5 0.00146 1
0 0.32533 0.5 0.00146 1
0 0.33541 0.5 0.00146 1
0 0.34553 0.5 0.00146 1
0 0.35568 0.5 0.00148 1
0 0.36539 0.5 0.00146 1
0 0.38516 0.5 0.00144 1
0 0.39527 0.5 0.00146 1
0 0.40537 0.5 0.00146 1
0 0.41552 0.5 0.00148 1
0 0.42551 0.5 0.00126 1
0 0.43559 0.5 0.00126 1
0 0.44543 0.5 0.00146 1
0 0.45555 0.5 0.00146 1
0 0.46563 0.5 0.00146 1
0 0.47571 0.5 0.00146 1
0 0.48583 0.5 0.00146 1
0 0.49598 0.5 0.00148 1
0 0.50597 0.5 0.00126 1
0 0.51605 0.5 0.00126 1
0 0.52583 0.5 0.00158 1
0 0.53601 0.5 0.00146 1
0 0.54609 0.5 0.00146 1
0 0.55609 0.5 0.00126 1
0 0.56617 0.5 0.00126 1
0 0.57595 0.5 0.00158 1
0 0.58613 0.5 0.00146 1
0 0.59621 0.5 0.00146 1
0 0.60633 0.5 0.00146 1
0 0.61648 0.5 0.00148 1
0 0.62619 0.5 0.00146 1
0 0.64596 0.5 0.00144 1
0 0.6561 0.5 0.00148 1
0 0.66609 0.5 0.00126 1
0 0.67615 0.5 0.00126 1
0 0.68599 0.5 0.00146 1
0 0.69609 0.5 0.00146 1
0 0.70615 0.5 0.00146 1
0 0.71627 0.5 0.00146 1
0 0.72642 0.5 0.00148 1
0 0.73641 0.5 0.00126 1
0 0.74649 0.5 0.00126 1
0 0.75633 0.5 0.00146 1
0 0.76645 0.5 0.00146 1
0 0.77655 0.5 0.00146 1
0 0.7867 0.5 0.0014 1
0 0.79682 0.5 0.00148 1
0 0.80655 0.5 0.00146 1
0 0.82634 0.5 0.00144 1
0 0.83607 0.5 0.00146 1
0 0.85582 0.5 0.00144 1
0 0.86553 0.5 0.00146 1
0 0.87559 0.5 0.00158 1
0 0.88577 0.5 0.00146 1
0 0.90556 0.5 0.00144 1
0 0.91525 0.5 0.00146 1
0 0.92531 0.5 0.00158 1
0 0.93549 0.5 0.00146 1
0 0.94561 0.5 0.00146 1
0 0.95577 0.5 0.0015 1
0 0.96529 0.5 0.00146 1
0 0.97535 0.5 0.00158 1
0 0.98551 0.5 0.00146 1
0 0.99563 0.5 0.00146 1
18 0.0043 0.5 0.00056 1
18 0.01442 0.5 0.00056 1
18 0.0541 0.5 0.00056 1
18 0.06422 0.5 0.00056 1
18 0.12372 0.5 0.00056 1
18 0.13384 0.5 0.00056 1
18 0.14388 0.5 0.0006 1
18 0.15396 0.5 0.0006 1
18 0.16406 0.5 0.0006 1
18 0.17419 0.5 0.00062 1
18 0.19408 0.5 0.00056 1
18 0.25358 0.5 0.00056 1
18 0.26364 0.5 0.0006 1
18 0.27372 0.5 0.0006 1
18 0.28384 0.5 0.0006 1
18 0.29397 0.5 0.00062 1
18 0.31386 0.5 0.00056 1
18 0.32392 0.5 0.0006 1
18 0.334 0.5 0.0006 1
18 0.34412 0.5 0.0006 1
18 0.35425 0.5 0.00062 1
18 0.38374 0.5 0.0006 1
18 0.39385 0.5 0.00062 1
18 0.40397 0.5 0.00058 1
18 0.41409 0.5 0.00062 1
18 0.45416 0.5 0.00056 1
18 0.46422 0.5 0.0006 1
18 0.4743 0.5 0.0006 1
18 0.48442 0.5 0.0006 1
18 0.49455 0.5 0.00062 1
18 0.53462 0.5 0.00056 1
18 0.54468 0.5 0.0006 1
18 0.58474 0.5 0.00056 1
18 0.5948 0.5 0.0006 1
18 0.60492 0.5 0.0006 1
18 0.61505 0.5 0.00062 1
18 0.64454 0.5 0.0006 1
18 0.6947 0.5 0.00056 1
18 0.70476 0.5 0.0006 1
18 0.71486 0.5 0.0006 1
18 0.72499 0.5 0.00062 1
18 0.76506 0.5 0.00056 1
18 0.77513 0.5 0.00062 1
18 0.79539 0.5 0.00062 1
18 0.82492 0.5 0.0006 1
18 0.87426 0.5 0.00056 1
18 0.90413 0.5 0.00062 1
18 0.92398 0.5 0.00056 1
18 0.9442 0.5 0.0006 1
18 0.95433 0.5 0.00062 1
18 0.97402 0.5 0.00056 1
18 0.98411 0.5 0.00058 1
18 0.99422 0.5 0.0006 1
