21 0.31992 0.5 0.00192 1
2 0.04622 0.5 0.00228 1
25 0.21415 0.5 0.00846 1
25 0.22273 0.5 0.00294 1
2 0.33145 0.5 0.00666 1
2 0.34802 0.5 0.02088 1
2 0.3663 0.5 0.01692 1
2 0.38339 0.5 0.01702 1
2 0.47946 0.5 0.05388 1
11 0.66875 0.5 0.00394 1
2 0.79847 0.5 0.00234 1
2 0.82224 0.5 0.0018 1
2 0.84011 0.5 0.00246 1
13 0.84917 0.5 0.01134 1
24 0.61843 0.5 0.0049 1
4 0.53752 0.5 0.04184 1
4 0.63859 0.5 0.01234 1
4 0.87319 0.5 0.03518 1
4 0.97862 0.5 0.03612 1
18 0.62229 0.5 0.00082 1
18 0.67584 0.5 0.00116 1
18 0.67868 0.5 0.00108 1
18 0.68339 0.5 0.00086 1
18 0.7536 0.5 0.0012 1
18 0.89821 0.5 0.00142 1
