0 0.00527 0.5 0.00126 1
0 0.01537 0.5 0.00126 1
0 0.02549 0.5 0.00126 1
0 0.04573 0.5 0.00122 1
0 0.06595 0.5 0.00126 1
0 0.08621 0.5 0.00126 1
0 0.09642 0.5 0.00156 1
0 0.10635 0.5 0.00126 1
0 0.11639 0.5 0.00126 1
0 0.12649 0.5 0.00126 1
0 0.13651 0.5 0.00146 1
0 0.14666 0.5 0.00144 1
0 0.15676 0.5 0.00144 1
0 0.16684 0.5 0.00144 1
0 0.17701 0.5 0.00126 1
0 0.18711 0.5 0.00126 1
0 0.19712 0.5 0.00144 1
0 0.20724 0.5 0.00144 1
0 0.21736 0.5 0.00144 1
0 0.22755 0.5 0.00126 1
0 0.23758 0.5 0.00144 1
0 0.2477 0.5 0.00144 1
0 0.25782 0.5 0.00144 1
0 0.2679 0.5 0.00144 1
0 0.27807 0.5 0.00126 1
0 0.28815 0.5 0.00126 1
0 0.29814 0.5 0.00144 1
0 0.30835 0.5 0.00126 1
0 0.3184 0.5 0.00144 1
0 0.3285 0.5 0.00144 1
0 0.33858 0.5 0.00144 1
0 0.34875 0.5 0.00126 1
0 0.35884 0.5 0.0012 1
0 0.36884 0.5 0.00144 1
0 0.37903 0.5 0.00126 1
0 0.38917 0.5 0.00138 1
0 0.39923 0.5 0.00126 1
0 0.40924 0.5 0.00144 1
0 0.41947 0.5 0.00126 1
0 0.42948 0.5 0.00144 1
0 0.4396 0.5 0.00144 1
0 0.44972 0.5 0.00144 1
0 0.45991 0.5 0.00126 1
0 0.46994 0.5 0.00144 1
0 0.48008 0.5 0.00144 1
0 0.4902 0.5 0.00144 1
0 0.50039 0.5 0.00126 1
0 0.51042 0.5 0.00144 1
0 0.52056 0.5 0.00144 1
0 0.53068 0.5 0.00144 1
0 0.54076 0.5 0.00144 1
0 0.55093 0.5 0.00126 1
0 0.56101 0.5 0.00126 1
0 0.571 0.5 0.00144 1
0 0.58121 0.5 0.00126 1
0 0.59136 0.5 0.00124 1
0 0.60136 0.5 0.00144 1
0 0.61148 0.5 0.00144 1
0 0.62156 0.5 0.00144 1
0 0.63173 0.5 0.00126 1
0 0.64182 0.5 0.0012 1
0 0.65182 0.5 0.00144 1
0 0.66192 0.5 0.00144 1
0 0.67215 0.5 0.00138 1
0 0.68221 0.5 0.00126 1
0 0.69225 0.5 0.00126 1
0 0.70237 0.5 0.00126 1
0 0.71236 0.5 0.00144 1
0 0.72242 0.5 0.00144 1
0 0.73254 0.5 0.00144 1
0 0.74273 0.5 0.00122 1
0 0.75289 0.5 0.00126 1
0 0.76301 0.5 0.00126 1
0 0.773 0.5 0.00144 1
0 0.78306 0.5 0.00144 1
0 0.79318 0.5 0.00144 1
0 0.80331 0.5 0.00126 1
0 0.81322 0.5 0.00144 1
0 0.8233 0.5 0.00144 1
0 0.83342 0.5 0.00144 1
0 0.84348 0.5 0.00144 1
0 0.85363 0.5 0.00126 1
0 0.8636 0.5 0.00144 1
0 0.87368 0.5 0.00144 1
0 0.88354 0.5 0.00144 1
0 0.8936 0.5 0.00144 1
0 0.90375 0.5 0.00126 1
0 0.91372 0.5 0.00144 1
0 0.9238 0.5 0.00144 1
0 0.93397 0.5 0.00126 1
0 0.94411 0.5 0.00126 1
0 0.95416 0.5 0.00144 1
0 0.96426 0.5 0.00144 1
0 0.97447 0.5 0.00126 1
0 0.98459 0.5 0.00126 1
0 0.99462 0.5 0.00144 1
