8 0.00426 0.5 0.00084 1
8 0.68809 0.5 0.00318 1
8 0.72181 0.5 0.06154 1
8 0.77193 0.5 0.03754 1
8 0.79253 0.5 0.00318 1
0 0.90363 0.5 0.00094 1
2 0.83037 0.5 0.00634 1
5 0.83403 0.5 0.0009 1
15 0.93253 0.5 0.0009 1
24 0.54401 0.5 0.00738 1
24 0.55664 0.5 0.00648 1
24 0.58093 0.5 0.00478 1
4 0.16555 0.5 0.0013 1
4 0.61688 0.5 0.02476 1
4 0.63472 0.5 0.0108 1
4 0.64802 0.5 0.01608 1
18 0.04971 0.5 0.00098 1
18 0.10288 0.5 0.00096 1
18 0.15439 0.5 0.00106 1
18 0.37303 0.5 0.00062 1
18 0.51203 0.5 0.00142 1
18 0.79893 0.5 0.00078 1
