21 0.06636 0.5 0.02392 1
21 0.08789 0.5 0.0191 1
21 0.10217 0.5 0.00874 1
21 0.11244 0.5 0.01176 1
21 0.1393 0.5 0.0422 1
21 0.17829 0.5 0.03574 1
21 0.234 0.5 0.07564 1
21 0.28931 0.5 0.03538 1
21 0.30857 0.5 0.00326 1
21 0.31208 0.5 0.00324 1
21 0.31815 0.5 0.0091 1
21 0.33434 0.5 0.02324 1
21 0.3571 0.5 0.02224 1
8 0.40018 0.5 0.06388 1
8 0.47687 0.5 0.01174 1
8 0.48956 0.5 0.0136 1
8 0.5305 0.5 0.0328 1
8 0.5554 0.5 0.00912 1
21 0.59194 0.5 0.00956 1
21 0.60029 0.5 0.0069 1
21 0.60733 0.5 0.00142 1
21 0.63154 0.5 0.00492 1
21 0.84995 0.5 0.00158 1
21 0.86089 0.5 0.02026 1
21 0.87194 0.5 0.0018 1
21 0.89361 0.5 0.0415 1
21 0.91758 0.5 0.00652 1
21 0.92357 0.5 0.0017 1
21 0.95221 0.5 0.05554 1
21 1.0214 0.5 0.07168 1
11 0.44931 0.5 0.00374 1
11 0.46474 0.5 0.00864 1
11 0.50282 0.5 0.00352 1
11 0.5102 0.5 0.00332 1
2 0.56987 0.5 0.00286 1
5 0.61856 0.5 0.021 1
5 0.63887 0.5 0.00194 1
5 0.65909 0.5 0.00354 1
5 0.67735 0.5 0.02806 1
5 0.72853 0.5 0.02202 1
5 0.7605 0.5 0.00264 1
2 0.77366 0.5 0.0092 1
2 0.78809 0.5 0.00646 1
2 0.82059 0.5 0.0571 1
