21 0.14883 0.5 0.0235 1
21 0.1854 0.5 0.0496 1
21 0.2184 0.5 0.01636 1
21 0.2371 0.5 0.01744 1
21 0.28801 0.5 0.0725 1
21 0.32917 0.5 0.00782 1
21 0.35242 0.5 0.0398 1
21 0.38914 0.5 0.0328 1
21 0.40625 0.5 0.0013 1
21 0.49374 0.5 0.01 1
21 0.52768 0.5 0.05784 1
21 0.58169 0.5 0.04846 1
21 0.61456 0.5 0.017 1
21 0.63675 0.5 0.01562 1
21 0.6506 0.5 0.01036 1
21 0.66064 0.5 0.00604 1
21 0.67957 0.5 0.01846 1
21 0.70409 0.5 0.02918 1
21 0.73029 0.5 0.02314 1
21 0.74604 0.5 0.00832 1
21 0.7545 0.5 0.00716 1
21 0.76418 0.5 0.01036 1
21 0.77352 0.5 0.0026 1
21 0.79453 0.5 0.03634 1
21 0.81773 0.5 0.01002 1
2 0.0528 0.5 0.0626 1
2 0.08538 0.5 0.00276 1
2 0.09786 0.5 0.01456 1
2 0.10765 0.5 0.00266 1
2 0.12879 0.5 0.01574 1
2 0.4213 0.5 0.00144 1
2 0.42416 0.5 0.00428 1
13 0.43679 0.5 0.01082 1
2 0.47479 0.5 0.00618 1
2 0.89203 0.5 0.0039 1
2 0.92998 0.5 0.00704 1
2 0.96533 0.5 0.00234 1
2 0.97128 0.5 0.006 1
24 0.48636 0.5 0.00468 1
24 0.82347 0.5 0.00142 1
24 0.85709 0.5 0.06594 1
24 0.89714 0.5 0.00516 1
