21 0.1153 0.5 0.0176 1
21 0.29113 0.5 0.02586 1
21 0.31045 0.5 0.01014 1
8 0.33624 0.5 0.0132 1
8 0.5407 0.5 0.08112 1
8 0.58941 0.5 0.01218 1
8 0.60206 0.5 0.01308 1
21 0.69395 0.5 0.04602 1
21 0.72938 0.5 0.0248 1
21 0.77326 0.5 0.06292 1
21 0.8196 0.5 0.02996 1
21 0.88032 0.5 0.0746 1
21 0.92072 0.5 0.00616 1
21 0.93212 0.5 0.0166 1
21 0.94103 0.5 0.0021 1
11 0.1382 0.5 0.028 1
11 0.17473 0.5 0.04518 1
11 0.20629 0.5 0.01834 1
11 0.24729 0.5 0.06178 1
11 0.63618 0.5 0.0042 1
11 0.64897 0.5 0.00562 1
11 0.66356 0.5 0.01376 1
2 0.9531 0.5 0.02204 1
2 1.00503 0.5 0.08202 1
24 0.07854 0.5 0.002 1
24 0.09281 0.5 0.0131 1
24 0.43886 0.5 0.08436 1
4 0.32007 0.5 0.00126 1
4 0.60942 0.5 0.00064 1
18 0.32635 0.5 0.00146 1
