21 0.16108 0.5 0.0228 1
21 0.17676 0.5 0.00852 1
21 0.19721 0.5 0.03234 1
21 0.25962 0.5 0.09236 1
21 0.32677 0.5 0.0411 1
21 0.37159 0.5 0.0485 1
8 0.40092 0.5 0.00172 1
21 0.4092 0.5 0.004 1
8 0.41594 0.5 0.00228 1
8 0.72871 0.5 0.00226 1
21 0.73194 0.5 0.00412 1
21 0.74878 0.5 0.01744 1
21 0.76211 0.5 0.00154 1
21 0.77802 0.5 0.00868 1
2 0.02998 0.5 0.00704 1
2 0.06533 0.5 0.00234 1
2 0.07128 0.5 0.006 1
2 0.11194 0.5 0.006 1
11 0.47238 0.5 0.1094 1
11 0.54119 0.5 0.02606 1
11 0.56133 0.5 0.00294 1
11 0.59789 0.5 0.0709 1
11 0.63983 0.5 0.00418 1
11 0.65722 0.5 0.00408 1
11 0.67523 0.5 0.0165 1
11 0.69674 0.5 0.00872 1
11 0.70867 0.5 0.00874 1
11 0.72038 0.5 0.01424 1
2 0.99895 0.5 0.00706 1
4 0.80394 0.5 0.00348 1
4 0.81821 0.5 0.00222 1
4 0.90308 0.5 0.01032 1
4 0.91319 0.5 0.00622 1
4 0.94175 0.5 0.01298 1
4 0.95308 0.5 0.00596 1
