21 0.00905 0.5 0.01146 1
8 0.53997 0.5 0.00102 1
8 0.6447 0.5 0.01684 1
21 0.67067 0.5 0.03506 1
21 0.78285 0.5 0.18926 1
8 0.91761 0.5 0.08022 1
8 0.96408 0.5 0.01 1
21 0.99805 0.5 0.00166 1
16 0.04663 0.5 0.0087 1
16 0.05761 0.5 0.00542 1
15 0.13954 0.5 0.00116 1
2 0.15789 0.5 0.00174 1
2 0.16628 0.5 0.01308 1
11 0.20521 0.5 0.00674 1
25 0.53212 0.5 0.0012 1
2 0.53244 0.5 0.00108 1
24 0.32275 0.5 0.10686 1
4 0.09167 0.5 0.00146 1
4 0.13248 0.5 0.00188 1
4 0.15984 0.5 0.00172 1
4 0.38043 0.5 0.00106 1
18 0.12271 0.5 0.0011 1
18 0.14983 0.5 0.0009 1
18 0.51366 0.5 0.00088 1
18 0.56377 0.5 0.00094 1
