0 0.358 0.5 0.00192 1
8 0.66279 0.5 0.0015 1
8 0.66731 0.5 0.00506 1
21 0.6766 0.5 0.0056 1
8 0.68462 0.5 0.0034 1
2 0.2654 0.5 0.00696 1
2 0.26858 0.5 0.00064 1
2 0.27195 0.5 0.00606 1
2 0.2878 0.5 0.00604 1
2 0.29367 0.5 0.00534 1
2 0.3072 0.5 0.01556 1
15 0.33646 0.5 0.00632 1
2 0.36367 0.5 0.00602 1
11 0.47896 0.5 0.00388 1
2 0.52675 0.5 0.01026 1
2 0.53354 0.5 0.00296 1
2 0.53824 0.5 0.006 1
2 0.54917 0.5 0.00798 1
2 0.55648 0.5 0.00332 1
2 0.57086 0.5 0.02052 1
2 0.59209 0.5 0.00314 1
6 0.82412 0.5 0.00132 1
24 0.4022 0.5 0.00392 1
24 0.94756 0.5 0.01232 1
24 1.00283 0.5 0.07526 1
4 0.3776 0.5 0.00364 1
4 0.39599 0.5 0.00842 1
4 0.88346 0.5 0.01448 1
18 0.02527 0.5 0.00102 1
18 0.5885 0.5 0.00104 1
