21 0.07227 0.5 0.03238 1
21 0.09157 0.5 0.00346 1
21 0.11325 0.5 0.02182 1
21 0.1303 0.5 0.005 1
21 0.14999 0.5 0.03394 1
8 0.30922 0.5 0.01504 1
21 0.32151 0.5 0.00162 1
21 0.33566 0.5 0.01352 1
21 0.35171 0.5 0.01186 1
21 0.36921 0.5 0.01594 1
21 0.46741 0.5 0.00934 1
21 0.47602 0.5 0.0038 1
21 0.48373 0.5 0.01014 1
21 0.49397 0.5 0.01038 1
21 0.5074 0.5 0.01644 1
21 0.51942 0.5 0.00452 1
21 0.5228 0.5 0.00032 1
21 0.52348 0.5 0.001 1
21 0.52748 0.5 0.00444 1
21 0.53087 0.5 0.00234 1
21 0.53484 0.5 0.00556 1
2 0.17251 0.5 0.0093 1
2 0.22677 0.5 0.02122 1
11 0.37972 0.5 0.00492 1
11 0.40132 0.5 0.025 1
11 0.44152 0.5 0.01348 1
11 0.46043 0.5 0.00438 1
13 0.57473 0.5 0.00194 1
2 0.61743 0.5 0.0075 1
2 0.67477 0.5 0.10662 1
24 0.86486 0.5 0.0038 1
4 0.5983 0.5 0.005 1
4 0.60534 0.5 0.00936 1
4 0.85562 0.5 0.02116 1
4 0.90972 0.5 0.00208 1
4 0.95876 0.5 0.00136 1
4 0.96481 0.5 0.0035 1
4 0.96785 0.5 0.0023 1
4 0.99343 0.5 0.0383 1
18 0.20711 0.5 0.00122 1
18 0.59098 0.5 0.00128 1
18 0.89384 0.5 0.00128 1
18 0.90319 0.5 0.00098 1
18 0.9161 0.5 0.00068 1
