21 0.69068 0.5 0.00064 1
21 0.70464 0.5 0.02832 1
21 0.77822 0.5 0.00408 1
8 0.80853 0.5 0.00606 1
21 0.86331 0.5 0.10346 1
21 0.9607 0.5 0.07296 1
21 1.01237 0.5 0.02998 1
11 0.18582 0.5 0.02056 1
11 0.19694 0.5 0.00176 1
11 0.21672 0.5 0.02436 1
2 0.24656 0.5 0.00116 1
2 0.25367 0.5 0.0073 1
2 0.26297 0.5 0.00118 1
2 0.27811 0.5 0.02406 1
2 0.30168 0.5 0.00804 1
2 0.31789 0.5 0.00138 1
2 0.3323 0.5 0.023 1
2 0.38769 0.5 0.01326 1
2 0.40547 0.5 0.00526 1
2 0.42368 0.5 0.02116 1
2 0.4566 0.5 0.021 1
2 0.56371 0.5 0.05342 1
11 0.63101 0.5 0.00226 1
11 0.64112 0.5 0.00352 1
24 0.64628 0.5 0.0062 1
24 0.66326 0.5 0.01268 1
4 0.16574 0.5 0.00524 1
4 0.6337 0.5 0.0028 1
4 0.63753 0.5 0.00366 1
4 0.78278 0.5 0.005 1
4 0.79187 0.5 0.00562 1
18 0.14125 0.5 0.00102 1
18 0.46865 0.5 0.00162 1
18 0.53339 0.5 0.00162 1
