0 0.00937 0.5 0.00146 1
0 0.01945 0.5 0.00146 1
0 0.02935 0.5 0.00126 1
0 0.03953 0.5 0.00146 1
0 0.04943 0.5 0.00126 1
0 0.05963 0.5 0.00146 1
0 0.06973 0.5 0.00146 1
0 0.07981 0.5 0.00146 1
0 0.08973 0.5 0.00126 1
0 0.09993 0.5 0.00146 1
0 0.11001 0.5 0.00146 1
0 0.12005 0.5 0.00146 1
0 0.12997 0.5 0.00126 1
0 0.14015 0.5 0.00146 1
0 0.15027 0.5 0.00146 1
0 0.16039 0.5 0.00146 1
0 0.17049 0.5 0.00146 1
0 0.18041 0.5 0.00126 1
0 0.19061 0.5 0.00146 1
0 0.20071 0.5 0.00146 1
0 0.21081 0.5 0.00146 1
0 0.22071 0.5 0.00126 1
0 0.23093 0.5 0.00146 1
0 0.24097 0.5 0.00146 1
0 0.25087 0.5 0.00126 1
0 0.26109 0.5 0.00146 1
0 0.27113 0.5 0.00146 1
0 0.28115 0.5 0.00146 1
0 0.29123 0.5 0.00146 1
0 0.30134 0.5 0.0014 1
0 0.31137 0.5 0.00146 1
0 0.32129 0.5 0.00126 1
0 0.33149 0.5 0.00146 1
0 0.34153 0.5 0.00146 1
0 0.35145 0.5 0.00126 1
0 0.36163 0.5 0.00146 1
0 0.37171 0.5 0.00146 1
0 0.38181 0.5 0.00146 1
0 0.39187 0.5 0.00146 1
0 0.40177 0.5 0.00126 1
0 0.41195 0.5 0.00146 1
0 0.42203 0.5 0.00146 1
0 0.43193 0.5 0.00126 1
0 0.44201 0.5 0.00126 1
0 0.45219 0.5 0.00146 1
0 0.46225 0.5 0.00146 1
0 0.47215 0.5 0.00126 1
0 0.48231 0.5 0.00146 1
0 0.49229 0.5 0.00126 1
0 0.50239 0.5 0.00126 1
0 0.51245 0.5 0.00126 1
0 0.52255 0.5 0.00126 1
0 0.53263 0.5 0.00126 1
0 0.54265 0.5 0.00126 1
0 0.55281 0.5 0.00146 1
0 0.56279 0.5 0.00126 1
0 0.57287 0.5 0.00126 1
0 0.58305 0.5 0.00146 1
0 0.59297 0.5 0.00126 1
0 0.60303 0.5 0.00126 1
0 0.61311 0.5 0.00126 1
0 0.62323 0.5 0.00126 1
0 0.63323 0.5 0.00126 1
0 0.64329 0.5 0.00126 1
0 0.65337 0.5 0.00126 1
0 0.66347 0.5 0.00126 1
0 0.67347 0.5 0.00126 1
0 0.68353 0.5 0.00126 1
0 0.69361 0.5 0.00126 1
0 0.70361 0.5 0.00126 1
0 0.71377 0.5 0.00106 1
0 0.72379 0.5 0.00126 1
0 0.73375 0.5 0.00126 1
0 0.74381 0.5 0.00126 1
0 0.75399 0.5 0.00106 1
0 0.76403 0.5 0.00102 1
0 0.77403 0.5 0.00126 1
0 0.78403 0.5 0.00126 1
0 0.79413 0.5 0.00126 1
0 0.80425 0.5 0.00126 1
0 0.81435 0.5 0.00126 1
0 0.8244 0.5 0.0012 1
0 0.83435 0.5 0.00126 1
0 0.84443 0.5 0.00126 1
0 0.85449 0.5 0.00126 1
0 0.86449 0.5 0.00126 1
0 0.87467 0.5 0.00146 1
0 0.88463 0.5 0.00126 1
0 0.89463 0.5 0.00126 1
0 0.90469 0.5 0.00126 1
0 0.91475 0.5 0.00126 1
0 0.92483 0.5 0.00126 1
0 0.93489 0.5 0.00126 1
0 0.94489 0.5 0.00126 1
0 0.95507 0.5 0.00146 1
0 0.96503 0.5 0.00126 1
0 0.97503 0.5 0.00126 1
0 0.98509 0.5 0.00126 1
0 0.99515 0.5 0.00126 1
18 0.00795 0.5 0.00062 1
18 0.01802 0.5 0.00064 1
18 0.02806 0.5 0.00056 1
18 0.03811 0.5 0.00062 1
18 0.04814 0.5 0.00056 1
18 0.06829 0.5 0.00066 1
18 0.07839 0.5 0.00062 1
18 0.10858 0.5 0.00064 1
18 0.12869 0.5 0.00054 1
18 0.13873 0.5 0.00062 1
18 0.15897 0.5 0.00062 1
18 0.17913 0.5 0.00054 1
18 0.18919 0.5 0.00062 1
18 0.21944 0.5 0.00052 1
18 0.2496 0.5 0.00052 1
18 0.27977 0.5 0.00054 1
18 0.29988 0.5 0.00064 1
18 0.32001 0.5 0.00054 1
18 0.35017 0.5 0.00054 1
18 0.36021 0.5 0.00062 1
18 0.4005 0.5 0.00052 1
18 0.41053 0.5 0.00062 1
18 0.43066 0.5 0.00052 1
18 0.44069 0.5 0.00062 1
18 0.45076 0.5 0.00064 1
18 0.47086 0.5 0.00056 1
18 0.48088 0.5 0.00064 1
18 0.50109 0.5 0.00066 1
18 0.5313 0.5 0.0006 1
18 0.5514 0.5 0.0006 1
18 0.58163 0.5 0.00062 1
18 0.60172 0.5 0.0006 1
18 0.62191 0.5 0.00062 1
18 0.64198 0.5 0.0006 1
18 0.70237 0.5 0.00058 1
18 0.78275 0.5 0.00054 1
18 0.79281 0.5 0.00062 1
18 0.82309 0.5 0.00054 1
18 0.84311 0.5 0.00062 1
18 0.85318 0.5 0.0006 1
18 0.92351 0.5 0.00062 1
18 0.93358 0.5 0.0006 1
