21 0.05719 0.5 0.01986 1
21 0.07427 0.5 0.01426 1
15 0.13329 0.5 0.00322 1
2 0.14149 0.5 0.00662 1
15 0.15005 0.5 0.00238 1
25 0.28216 0.5 0.00532 1
25 0.28697 0.5 0.00398 1
25 0.36599 0.5 0.01514 1
2 0.39953 0.5 0.01206 1
15 0.5016 0.5 0.01036 1
25 0.54811 0.5 0.00898 1
25 0.55969 0.5 0.0013 1
25 0.5613 0.5 0.003 1
3 0.56389 0.5 0.00202 1
2 0.56674 0.5 0.00668 1
2 0.57827 0.5 0.00102 1
24 0.00743 0.5 0.00498 1
24 0.66129 0.5 0.00146 1
24 0.87488 0.5 0.0866 1
24 0.93841 0.5 0.02474 1
1 0.43916 0.5 0.00612 1
4 0.10194 0.5 0.00912 1
4 0.11022 0.5 0.00296 1
4 0.33495 0.5 0.00766 1
4 0.34318 0.5 0.0096 1
4 0.54217 0.5 0.00278 1
4 0.57392 0.5 0.00764 1
4 0.98528 0.5 0.0078 1
4 1.01117 0.5 0.0441 1
18 0.15327 0.5 0.00062 1
18 0.19873 0.5 0.00086 1
18 0.54016 0.5 0.00112 1
18 0.80684 0.5 0.00064 1
