21 0.0632 0.5 0.02428 1
8 0.31816 0.5 0.00896 1
21 0.35261 0.5 0.02706 1
21 0.37867 0.5 0.0251 1
21 0.41613 0.5 0.02314 1
21 0.48712 0.5 0.1188 1
21 0.55782 0.5 0.02308 1
21 0.68341 0.5 0.01034 1
21 0.7649 0.5 0.1526 1
21 0.84855 0.5 0.01474 1
21 0.86333 0.5 0.01446 1
21 0.8731 0.5 0.00528 1
21 0.88084 0.5 0.01016 1
21 0.91743 0.5 0.0031 1
21 0.93908 0.5 0.008 1
21 0.96621 0.5 0.04638 1
21 0.99515 0.5 0.01162 1
2 0.00319 0.5 0.00542 1
11 0.11847 0.5 0.07682 1
2 0.17525 0.5 0.0369 1
11 0.21095 0.5 0.03446 1
11 0.25615 0.5 0.0539 1
11 0.57292 0.5 0.00296 1
11 0.57792 0.5 0.00188 1
11 0.58223 0.5 0.00302 1
18 0.04698 0.5 0.00092 1
18 0.6139 0.5 0.00092 1
18 0.63122 0.5 0.00176 1
