8 0.38515 0.5 0.0025 1
21 0.77702 0.5 0.0034 1
2 0.15009 0.5 0.00322 1
2 0.16842 0.5 0.00204 1
2 0.1846 0.5 0.00248 1
15 0.2107 0.5 0.00404 1
25 0.28523 0.5 0.00566 1
25 0.39688 0.5 0.00484 1
5 0.55892 0.5 0.0064 1
2 0.62042 0.5 0.00248 1
2 0.63915 0.5 0.01594 1
25 0.67221 0.5 0.00554 1
2 0.80721 0.5 0.00198 1
5 0.96509 0.5 0.00218 1
24 0.04756 0.5 0.01232 1
24 0.10283 0.5 0.07526 1
24 0.74848 0.5 0.05128 1
4 0.25203 0.5 0.00178 1
4 0.5792 0.5 0.00104 1
4 0.64644 0.5 0.00328 1
4 0.78851 0.5 0.01954 1
4 0.80226 0.5 0.00796 1
4 0.9865 0.5 0.00936 1
4 0.99299 0.5 0.00434 1
4 1.00034 0.5 0.00824 1
18 0.18152 0.5 0.00056 1
18 0.37237 0.5 0.00118 1
18 0.71162 0.5 0.00112 1
