8 0.17585 0.5 0.00138 1
8 0.17758 0.5 0.00276 1
8 0.6963 0.5 0.00084 1
8 0.85294 0.5 0.00236 1
8 0.862 0.5 0.01576 1
8 0.90699 0.5 0.07254 1
8 0.94445 0.5 0.00234 1
15 0.14039 0.5 0.0031 1
5 0.14348 0.5 0.00192 1
15 0.1861 0.5 0.00432 1
2 0.35219 0.5 0.00322 1
2 0.35909 0.5 0.0103 1
3 0.53394 0.5 0.0052 1
25 0.59933 0.5 0.00338 1
25 0.60202 0.5 0.00268 1
15 0.73763 0.5 0.0093 1
2 0.96788 0.5 0.00808 1
2 0.97741 0.5 0.01086 1
24 0.03841 0.5 0.02474 1
24 0.2277 0.5 0.0012 1
1 0.19783 0.5 0.00278 1
4 0.08528 0.5 0.0078 1
4 0.11117 0.5 0.0441 1
4 0.4779 0.5 0.0094 1
4 0.48434 0.5 0.00252 1
4 0.51233 0.5 0.0077 1
4 0.52251 0.5 0.01346 1
4 0.54415 0.5 0.01914 1
4 0.83982 0.5 0.0012 1
18 0.26659 0.5 0.00122 1
18 0.27289 0.5 0.00078 1
18 0.3985 0.5 0.00092 1
18 0.82936 0.5 0.00128 1
