0 0.01108 0.5 0.00124 1
0 0.01985 0.5 0.00126 1
0 0.03005 0.5 0.00126 1
0 0.08637 0.5 0.00126 1
0 0.10669 0.5 0.00126 1
0 0.11679 0.5 0.00126 1
0 0.12693 0.5 0.00126 1
0 0.13705 0.5 0.00126 1
0 0.14715 0.5 0.00126 1
0 0.15729 0.5 0.00126 1
0 0.16741 0.5 0.00126 1
0 0.17753 0.5 0.00126 1
0 0.18761 0.5 0.00126 1
0 0.19767 0.5 0.00126 1
0 0.20783 0.5 0.00126 1
0 0.21791 0.5 0.00126 1
0 0.22807 0.5 0.00126 1
0 0.23819 0.5 0.00126 1
0 0.24827 0.5 0.00126 1
0 0.25833 0.5 0.00126 1
0 0.26845 0.5 0.00126 1
21 0.32462 0.5 0.11088 1
21 0.39327 0.5 0.02606 1
21 0.41096 0.5 0.00928 1
21 0.42058 0.5 0.00992 1
21 0.42627 0.5 0.00142 1
21 0.44143 0.5 0.02762 1
21 0.46495 0.5 0.00782 1
21 0.48997 0.5 0.04238 1
21 0.51866 0.5 0.015 1
21 0.52787 0.5 0.0047 1
21 0.53438 0.5 0.0024 1
21 0.54448 0.5 0.01776 1
21 0.57621 0.5 0.0455 1
21 0.64516 0.5 0.0926 1
21 0.69884 0.5 0.0146 1
21 0.71563 0.5 0.01906 1
21 0.73256 0.5 0.0144 1
21 0.74939 0.5 0.01926 1
21 0.76619 0.5 0.0143 1
21 0.79232 0.5 0.03792 1
21 0.84873 0.5 0.00226 1
21 0.85972 0.5 0.00392 1
8 0.90074 0.5 0.006 1
21 0.94019 0.5 0.07286 1
21 0.99011 0.5 0.02714 1
4 0.0399 0.5 0.00732 1
4 0.04677 0.5 0.00422 1
4 0.08135 0.5 0.00214 1
