21 0.05749 0.5 0.00466 1
21 0.52827 0.5 0.00294 1
21 0.53111 0.5 0.00106 1
21 0.54081 0.5 0.01246 1
21 0.56516 0.5 0.00372 1
8 0.83995 0.5 0.01138 1
8 0.85678 0.5 0.02224 1
8 0.87146 0.5 0.00716 1
8 0.93619 0.5 0.12206 1
8 1.00286 0.5 0.01124 1
11 0.03709 0.5 0.00222 1
2 0.15838 0.5 0.0024 1
15 0.65277 0.5 0.00382 1
24 0.02284 0.5 0.0018 1
24 0.19336 0.5 0.0328 1
24 0.5947 0.5 0.03724 1
24 0.62106 0.5 0.00792 1
24 0.73018 0.5 0.01924 1
24 0.74815 0.5 0.0159 1
24 0.76755 0.5 0.01514 1
24 0.79106 0.5 0.00892 1
4 0.11532 0.5 0.03584 1
4 0.13439 0.5 0.00142 1
4 0.15086 0.5 0.0126 1
4 0.17209 0.5 0.0043 1
4 0.17562 0.5 0.00272 1
4 0.21065 0.5 0.00226 1
18 0.05222 0.5 0.00116 1
18 0.05372 0.5 0.00088 1
18 0.26063 0.5 0.00082 1
18 0.6875 0.5 0.00092 1
