8 0.2961 0.5 0.00108 1
8 0.54429 0.5 0.00706 1
8 0.56138 0.5 0.02708 1
8 0.57521 0.5 0.00086 1
8 0.57665 0.5 0.0021 1
8 0.57888 0.5 0.00236 1
8 0.58437 0.5 0.00886 1
8 0.60194 0.5 0.0036 1
21 0.7818 0.5 0.0024 1
8 0.79361 0.5 0.0205 1
17 0.14059 0.5 0.00718 1
2 0.33388 0.5 0.02832 1
2 0.35504 0.5 0.00556 1
25 0.38024 0.5 0.0038 1
2 0.39552 0.5 0.01348 1
12 0.43296 0.5 0.00536 1
2 0.44769 0.5 0.01774 1
2 0.45924 0.5 0.00316 1
17 0.59148 0.5 0.00604 1
2 0.62095 0.5 0.0015 1
2 0.64662 0.5 0.00152 1
5 0.73045 0.5 0.00526 1
5 0.76325 0.5 0.00394 1
2 0.84883 0.5 0.00522 1
2 0.86954 0.5 0.00384 1
24 0.0835 0.5 0.00856 1
23 0.28066 0.5 0.01868 1
24 0.65761 0.5 0.00158 1
24 0.70582 0.5 0.01516 1
24 0.80504 0.5 0.00156 1
4 0.09571 0.5 0.0017 1
4 0.11001 0.5 0.02702 1
4 0.66762 0.5 0.02032 1
4 0.68574 0.5 0.01708 1
4 0.8253 0.5 0.04168 1
