8 0.10991 0.5 0.00998 1
8 0.15681 0.5 0.08378 1
8 0.20373 0.5 0.01002 1
8 0.21579 0.5 0.00498 1
8 0.2238 0.5 0.011 1
8 0.23362 0.5 0.00796 1
25 0.00442 0.5 0.00412 1
5 0.82849 0.5 0.00362 1
5 0.83447 0.5 0.00394 1
4 0.24964 0.5 0.00208 1
4 0.25273 0.5 0.00434 1
4 0.26136 0.5 0.0126 1
4 0.9065 0.5 0.00216 1
4 0.91031 0.5 0.00394 1
4 0.92042 0.5 0.0158 1
18 0.07428 0.5 0.00056 1
18 0.4235 0.5 0.00072 1
18 0.60123 0.5 0.00086 1
18 0.66282 0.5 0.00064 1
18 0.93763 0.5 0.00074 1
18 0.94925 0.5 0.00046 1
18 0.99556 0.5 0.001 1
