0 0.03276 0.5 0.00628 1
0 0.03707 0.5 0.00198 1
0 0.04049 0.5 0.00346 1
0 0.04614 0.5 0.00588 1
21 0.11436 0.5 0.0166 1
8 0.39173 0.5 0.00454 1
21 0.45725 0.5 0.0029 1
21 0.92083 0.5 0.0089 1
21 0.93199 0.5 0.00174 1
13 0.06459 0.5 0.00718 1
13 0.09054 0.5 0.00384 1
5 0.18203 0.5 0.00082 1
2 0.21581 0.5 0.00222 1
2 0.53706 0.5 0.03524 1
11 0.61144 0.5 0.01012 1
11 0.61687 0.5 0.00058 1
11 0.75157 0.5 0.02106 1
11 0.76295 0.5 0.00174 1
11 0.77144 0.5 0.00204 1
11 0.77863 0.5 0.01138 1
24 0.79273 0.5 0.01674 1
4 0.07843 0.5 0.02054 1
4 0.46601 0.5 0.00198 1
4 0.47579 0.5 0.00154 1
4 0.48055 0.5 0.0083 1
4 0.50591 0.5 0.02698 1
4 0.55674 0.5 0.00404 1
4 0.5857 0.5 0.01188 1
4 0.5994 0.5 0.01392 1
4 0.64868 0.5 0.06264 1
4 0.68384 0.5 0.00724 1
4 0.89541 0.5 0.00666 1
4 0.91427 0.5 0.00262 1
4 0.9563 0.5 0.00784 1
4 0.97206 0.5 0.00092 1
18 0.25165 0.5 0.00086 1
18 0.26697 0.5 0.00082 1
18 0.97059 0.5 0.00138 1
