21 0.05085 0.5 0.00918 1
21 0.60155 0.5 0.00366 1
21 0.62932 0.5 0.05184 1
21 0.65851 0.5 0.00542 1
21 0.67283 0.5 0.02318 1
2 0.23499 0.5 0.17566 1
2 0.32751 0.5 0.00934 1
2 0.35708 0.5 0.04976 1
2 0.38217 0.5 0.0005 1
2 0.38617 0.5 0.00782 1
2 0.40699 0.5 0.03386 1
2 0.55512 0.5 0.01948 1
2 0.56607 0.5 0.00258 1
2 0.5693 0.5 0.0028 1
2 0.57749 0.5 0.00594 1
2 0.58978 0.5 0.0186 1
2 0.59689 0.5 0.00574 1
2 0.95046 0.5 0.0012 1
15 0.95277 0.5 0.00318 1
11 0.98878 0.5 0.05312 1
24 0.47789 0.5 0.0563 1
24 0.53328 0.5 0.00672 1
24 0.82529 0.5 0.0341 1
4 0.56978 0.5 0.00248 1
4 0.73619 0.5 0.00842 1
4 0.74285 0.5 0.00418 1
4 0.74644 0.5 0.00328 1
4 0.85953 0.5 0.00134 1
18 0.76664 0.5 0.00076 1
18 0.93495 0.5 0.00082 1
18 0.95721 0.5 0.0009 1
