8 0.17553 0.5 0.00574 1
8 0.21929 0.5 0.08174 1
8 0.26305 0.5 0.00574 1
21 0.62942 0.5 0.00188 1
13 0.07028 0.5 0.00184 1
15 0.38907 0.5 0.00642 1
15 0.39263 0.5 0.0009 1
3 0.40356 0.5 0.00272 1
6 0.78899 0.5 0.00274 1
24 0.73639 0.5 0.00846 1
1 0.04701 0.5 0.00418 1
4 0.09382 0.5 0.01084 1
4 0.11099 0.5 0.00406 1
4 0.1147 0.5 0.0034 1
4 0.12701 0.5 0.02106 1
4 0.32906 0.5 0.03972 1
18 0.44171 0.5 0.00094 1
18 0.45624 0.5 0.00088 1
18 0.53578 0.5 0.00064 1
18 0.68743 0.5 0.0013 1
18 0.70732 0.5 0.00076 1
18 0.78651 0.5 0.0007 1
18 0.95092 0.5 0.00096 1
