0 0.13313 0.5 0.00702 1
21 0.15053 0.5 0.0223 1
21 0.18118 0.5 0.03896 1
21 0.3523 0.5 0.02284 1
21 0.37602 0.5 0.02456 1
21 0.39659 0.5 0.01654 1
21 0.41027 0.5 0.00342 1
21 0.43226 0.5 0.04052 1
21 0.4531 0.5 0.00128 1
21 0.47367 0.5 0.03998 1
21 0.50383 0.5 0.02022 1
21 0.54986 0.5 0.02336 1
8 0.5962 0.5 0.00596 1
8 0.61109 0.5 0.02206 1
21 0.6342 0.5 0.02412 1
21 0.64726 0.5 0.00196 1
21 0.64865 0.5 0.00078 1
21 0.64988 0.5 0.00124 1
21 0.6515 0.5 0.00196 1
21 0.65747 0.5 0.00994 1
21 0.664 0.5 0.00104 1
21 0.67289 0.5 0.0167 1
21 0.69324 0.5 0.02016 1
21 0.78916 0.5 0.00872 1
21 0.80883 0.5 0.03058 1
21 0.82986 0.5 0.01144 1
21 0.85247 0.5 0.00282 1
8 0.96133 0.5 0.00302 1
5 0.24124 0.5 0.02016 1
5 0.26677 0.5 0.00294 1
5 0.27576 0.5 0.0132 1
10 0.90822 0.5 0.04576 1
2 1.00146 0.5 0.05852 1
24 0.74637 0.5 0.07738 1
4 0.03172 0.5 0.0082 1
4 0.30445 0.5 0.0071 1
4 0.31484 0.5 0.0062 1
4 0.32025 0.5 0.00118 1
4 0.33689 0.5 0.00626 1
4 0.51456 0.5 0.00124 1
4 0.51747 0.5 0.00118 1
4 0.53438 0.5 0.00672 1
18 0.11119 0.5 0.00122 1
