21 0.57399 0.5 0.00238 1
5 0.27922 0.5 0.0048 1
5 0.28425 0.5 0.00542 1
5 0.28841 0.5 0.00206 1
2 0.29764 0.5 0.01448 1
2 0.31129 0.5 0.01106 1
2 0.31793 0.5 0.00218 1
2 0.31971 0.5 0.00022 1
2 0.32659 0.5 0.00778 1
2 0.34809 0.5 0.00282 1
2 0.34869 0.5 0.00258 1
2 0.94622 0.5 0.00228 1
24 0.39599 0.5 0.00182 1
24 0.42062 0.5 0.03836 1
24 0.4531 0.5 0.01496 1
24 0.479 0.5 0.00376 1
24 0.85175 0.5 0.00126 1
4 0.03142 0.5 0.00292 1
4 0.06432 0.5 0.02496 1
4 0.19534 0.5 0.01152 1
4 0.32126 0.5 0.00284 1
4 0.85617 0.5 0.00866 1
18 0.33843 0.5 0.00174 1
18 0.58517 0.5 0.0009 1
18 0.78856 0.5 0.00084 1
