8 0.63378 0.5 0.0014 1
21 0.93805 0.5 0.0011 1
3 0.09487 0.5 0.00498 1
2 0.10558 0.5 0.00112 1
15 0.40575 0.5 0.0087 1
15 0.50922 0.5 0.00944 1
3 0.6763 0.5 0.00808 1
15 0.92559 0.5 0.00366 1
24 0.16268 0.5 0.01128 1
24 0.46771 0.5 0.00198 1
4 0.1433 0.5 0.00356 1
4 0.46288 0.5 0.01116 1
4 0.75842 0.5 0.00624 1
4 0.77281 0.5 0.00198 1
4 0.77597 0.5 0.0033 1
18 0.02772 0.5 0.00104 1
18 0.10345 0.5 0.00114 1
18 0.21985 0.5 0.00078 1
18 0.38798 0.5 0.0008 1
18 0.42798 0.5 0.00092 1
18 0.44165 0.5 0.00118 1
18 0.56208 0.5 0.001 1
18 0.61423 0.5 0.0009 1
18 0.62315 0.5 0.00158 1
18 0.66052 0.5 0.00136 1
18 0.66872 0.5 0.00068 1
18 0.70366 0.5 0.00076 1
18 0.71042 0.5 0.0006 1
18 0.73776 0.5 0.00212 1
18 0.73763 0.5 0.00154 1
18 0.99555 0.5 0.00274 1
