21 0.03414 0.5 0.00664 1
8 0.05985 0.5 0.00106 1
21 0.06388 0.5 0.00596 1
8 0.15783 0.5 0.00106 1
21 0.16169 0.5 0.00618 1
8 0.18475 0.5 0.00106 1
21 0.19039 0.5 0.00434 1
21 0.21752 0.5 0.00644 1
21 0.53556 0.5 0.02212 1
21 0.95283 0.5 0.03294 1
21 1.03186 0.5 0.12508 1
17 0.07133 0.5 0.00238 1
15 0.12196 0.5 0.06888 1
17 0.22369 0.5 0.0023 1
2 0.30777 0.5 0.08182 1
2 0.39209 0.5 0.0865 1
2 0.49179 0.5 0.0039 1
2 0.49707 0.5 0.00358 1
2 0.49944 0.5 0.00068 1
2 0.50093 0.5 0.0023 1
2 0.51041 0.5 0.0159 1
2 0.51959 0.5 0.00242 1
2 0.52399 0.5 0.00098 1
2 0.54777 0.5 0.00226 1
2 0.56308 0.5 0.00736 1
13 0.57948 0.5 0.00376 1
2 0.60895 0.5 0.00818 1
2 0.61838 0.5 0.00224 1
2 0.62364 0.5 0.00288 1
11 0.62676 0.5 0.00316 1
11 0.7696 0.5 0.004 1
25 0.85015 0.5 0.00518 1
2 0.88124 0.5 0.00424 1
2 0.8912 0.5 0.01 1
24 0.65107 0.5 0.00318 1
24 0.67092 0.5 0.02664 1
24 0.70905 0.5 0.00898 1
24 0.72705 0.5 0.01534 1
24 0.75616 0.5 0.01072 1
24 0.90549 0.5 0.00558 1
4 0.83268 0.5 0.0088 1
4 0.83939 0.5 0.00498 1
4 0.84436 0.5 0.00572 1
4 0.86631 0.5 0.0271 1
18 0.43753 0.5 0.00062 1
18 0.59833 0.5 0.00066 1
18 0.6214 0.5 0.00064 1
18 0.63192 0.5 0.00136 1
