21 0.10925 0.5 0.03246 1
21 0.1558 0.5 0.05748 1
21 0.18951 0.5 0.0099 1
21 0.22428 0.5 0.01372 1
21 0.24451 0.5 0.0059 1
21 0.258 0.5 0.00584 1
21 0.41437 0.5 0.0191 1
21 0.42468 0.5 0.00168 1
21 0.46719 0.5 0.00306 1
21 0.56159 0.5 0.03726 1
8 0.59714 0.5 0.00212 1
10 0.19758 0.5 0.0062 1
10 0.20823 0.5 0.01586 1
2 0.27464 0.5 0.00416 1
2 0.33183 0.5 0.0019 1
2 0.34075 0.5 0.01954 1
2 0.36885 0.5 0.0289 1
2 0.461 0.5 0.00368 1
11 0.51206 0.5 0.00356 1
2 0.52492 0.5 0.00092 1
2 0.52615 0.5 0.0007 1
2 0.52801 0.5 0.00086 1
15 0.78001 0.5 0.0041 1
10 0.86721 0.5 0.01866 1
13 0.90252 0.5 0.00396 1
13 0.90841 0.5 0.00662 1
24 0.2658 0.5 0.0016 1
1 0.63892 0.5 0.00432 1
4 0.35292 0.5 0.00256 1
4 0.38623 0.5 0.00318 1
4 0.77644 0.5 0.00168 1
4 0.7791 0.5 0.0038 1
18 0.27094 0.5 0.00128 1
18 0.64217 0.5 0.00062 1
18 0.7432 0.5 0.00076 1
18 0.85697 0.5 0.00118 1
