21 0.02951 0.5 0.02218 1
8 0.04397 0.5 0.0067 1
8 0.10404 0.5 0.1134 1
8 0.16411 0.5 0.0067 1
8 0.39569 0.5 0.0331 1
8 0.4128 0.5 0.00112 1
8 0.44346 0.5 0.05836 1
8 0.47856 0.5 0.01272 1
21 0.71575 0.5 0.00526 1
21 0.72275 0.5 0.00894 1
21 0.7372 0.5 0.0018 1
21 0.86569 0.5 0.02238 1
21 0.8838 0.5 0.00428 1
21 0.8929 0.5 0.0042 1
21 0.90196 0.5 0.0042 1
21 0.91098 0.5 0.00428 1
21 0.92006 0.5 0.00428 1
2 0.51951 0.5 0.00194 1
2 0.51989 0.5 0.00214 1
2 0.52713 0.5 0.00454 1
2 0.53385 0.5 0.00846 1
2 0.55064 0.5 0.0202 1
2 0.57209 0.5 0.0025 1
2 0.62375 0.5 0.01094 1
2 0.79785 0.5 0.03622 1
12 0.94153 0.5 0.00818 1
12 0.94878 0.5 0.0052 1
24 0.20311 0.5 0.06994 1
24 0.49488 0.5 0.00256 1
24 0.64037 0.5 0.00826 1
24 0.66543 0.5 0.0037 1
4 0.26367 0.5 0.0377 1
4 0.68171 0.5 0.0081 1
4 0.75443 0.5 0.0233 1
4 0.77916 0.5 0.00112 1
4 0.81653 0.5 0.0011 1
4 0.82053 0.5 0.00626 1
4 0.88038 0.5 0.00268 1
4 0.88944 0.5 0.00268 1
4 0.8985 0.5 0.00268 1
4 0.90756 0.5 0.00268 1
4 0.91664 0.5 0.00268 1
4 0.92752 0.5 0.00636 1
4 0.95256 0.5 0.00188 1
18 0.8417 0.5 0.00116 1
18 0.97934 0.5 0.00124 1
