21 0.05283 0.5 0.03294 1
21 0.13186 0.5 0.12508 1
21 0.23982 0.5 0.09064 1
21 0.35865 0.5 0.03314 1
21 0.46315 0.5 0.02294 1
8 0.48981 0.5 0.00254 1
21 0.95749 0.5 0.00466 1
2 0.28722 0.5 0.00376 1
2 0.29694 0.5 0.01 1
11 0.48206 0.5 0.00456 1
11 0.49843 0.5 0.00698 1
11 0.53238 0.5 0.00172 1
11 0.53425 0.5 0.00166 1
11 0.53663 0.5 0.00254 1
11 0.55057 0.5 0.01862 1
11 0.56726 0.5 0.01356 1
11 0.57696 0.5 0.00576 1
11 0.59673 0.5 0.00174 1
11 0.76374 0.5 0.00468 1
11 0.93709 0.5 0.00222 1
24 0.00549 0.5 0.00558 1
24 0.31123 0.5 0.00558 1
24 0.43284 0.5 0.00932 1
24 0.61459 0.5 0.0011 1
24 0.70077 0.5 0.00086 1
24 0.72556 0.5 0.01772 1
24 0.73888 0.5 0.0034 1
24 0.74383 0.5 0.0033 1
24 0.84314 0.5 0.09752 1
24 0.90301 0.5 0.0127 1
24 0.92284 0.5 0.0018 1
4 0.62489 0.5 0.0213 1
4 0.63739 0.5 0.00242 1
4 1.01532 0.5 0.03584 1
18 0.6131 0.5 0.00096 1
18 0.95222 0.5 0.00116 1
18 0.95372 0.5 0.00088 1
