21 0.48535 0.5 0.00682 1
21 0.50035 0.5 0.02314 1
21 0.51456 0.5 0.0054 1
21 0.54378 0.5 0.053 1
21 0.61161 0.5 0.08222 1
21 0.658 0.5 0.01072 1
0 0.82637 0.5 0.00122 1
21 0.84147 0.5 0.01942 1
21 0.86002 0.5 0.00324 1
2 0.05046 0.5 0.0012 1
15 0.05277 0.5 0.00318 1
11 0.08878 0.5 0.05312 1
11 0.11586 0.5 0.00176 1
11 0.13162 0.5 0.03048 1
11 0.19205 0.5 0.00874 1
11 0.20827 0.5 0.00214 1
11 0.21802 0.5 0.00896 1
11 0.22713 0.5 0.00934 1
11 0.23699 0.5 0.01002 1
11 0.27018 0.5 0.0564 1
11 0.30738 0.5 0.0176 1
11 0.32298 0.5 0.00588 1
11 0.33302 0.5 0.00184 1
11 0.33633 0.5 0.0025 1
11 0.34486 0.5 0.0038 1
2 0.35124 0.5 0.00448 1
2 0.38275 0.5 0.0169 1
2 0.39499 0.5 0.00318 1
2 0.4022 0.5 0.00244 1
2 0.40938 0.5 0.00336 1
2 0.41676 0.5 0.00608 1
2 0.43029 0.5 0.01714 1
2 0.45229 0.5 0.00842 1
2 0.4699 0.5 0.02408 1
15 0.66543 0.5 0.00382 1
2 0.74915 0.5 0.00402 1
2 0.7567 0.5 0.0016 1
18 0.03495 0.5 0.00082 1
18 0.05721 0.5 0.0009 1
18 0.7814 0.5 0.00116 1
18 0.9493 0.5 0.00076 1
