8 0.06408 0.5 0.01 1
21 0.09805 0.5 0.00166 1
21 0.10815 0.5 0.00282 1
8 0.22254 0.5 0.0026 1
8 0.90662 0.5 0.0032 1
8 0.95462 0.5 0.09276 1
17 0.12564 0.5 0.00236 1
5 0.14632 0.5 0.01048 1
11 0.17709 0.5 0.0019 1
2 0.18263 0.5 0.00218 1
2 0.1901 0.5 0.00296 1
2 0.1961 0.5 0.00772 1
2 0.2052 0.5 0.00452 1
2 0.25446 0.5 0.00132 1
11 0.2776 0.5 0.00368 1
2 0.31428 0.5 0.02564 1
13 0.78972 0.5 0.00116 1
24 0.52214 0.5 0.00084 1
24 0.8173 0.5 0.01184 1
24 0.83113 0.5 0.01542 1
1 0.5914 0.5 0.00204 1
4 0.24791 0.5 0.0115 1
4 0.33645 0.5 0.00142 1
4 0.35662 0.5 0.00072 1
4 0.47833 0.5 0.00154 1
4 0.49831 0.5 0.0029 1
4 0.5142 0.5 0.01064 1
4 0.52457 0.5 0.00398 1
4 0.52927 0.5 0.00302 1
14 0.66143 0.5 0.00538 1
4 0.80051 0.5 0.00242 1
4 0.89753 0.5 0.0071 1
18 0.47636 0.5 0.00084 1
