21 0.15304 0.5 0.01516 1
21 0.17144 0.5 0.0216 1
21 0.23119 0.5 0.0981 1
21 0.29304 0.5 0.02428 1
21 0.32899 0.5 0.04766 1
21 0.37371 0.5 0.04178 1
21 0.40706 0.5 0.02556 1
21 0.44708 0.5 0.05444 1
21 0.4828 0.5 0.01696 1
2 0.50306 0.5 0.01748 1
2 0.55826 0.5 0.0236 1
2 0.60346 0.5 0.06268 1
2 0.65649 0.5 0.04314 1
2 0.67002 0.5 0.02264 1
2 0.68352 0.5 0.00588 1
2 0.69211 0.5 0.00166 1
2 0.7282 0.5 0.07068 1
2 0.76473 0.5 0.0019 1
2 0.78249 0.5 0.00622 1
2 0.80826 0.5 0.03336 1
2 0.85479 0.5 0.00246 1
2 0.85927 0.5 0.00646 1
2 0.86534 0.5 0.00564 1
2 0.87466 0.5 0.00876 1
2 0.968 0.5 0.14236 1
4 0.00972 0.5 0.00208 1
4 0.05876 0.5 0.00136 1
4 0.06481 0.5 0.0035 1
4 0.06785 0.5 0.0023 1
4 0.09343 0.5 0.0383 1
18 0.00319 0.5 0.00098 1
18 0.0161 0.5 0.00068 1
18 0.11849 0.5 0.0011 1
