8 0.09795 0.5 0.00506 1
8 0.14588 0.5 0.09076 1
8 0.19381 0.5 0.00506 1
8 0.31759 0.5 0.0021 1
8 0.33268 0.5 0.0008 1
8 0.34459 0.5 0.00746 1
8 0.38904 0.5 0.0814 1
8 0.43349 0.5 0.00746 1
8 0.61101 0.5 0.01146 1
8 0.61853 0.5 0.0035 1
8 0.62206 0.5 0.00176 1
8 0.66497 0.5 0.08414 1
8 0.71007 0.5 0.00602 1
8 0.71577 0.5 0.00534 1
8 0.76976 0.5 0.1026 1
8 0.82951 0.5 0.01678 1
8 0.98894 0.5 0.00328 1
8 1.037 0.5 0.0928 1
11 0.00371 0.5 0.00282 1
2 0.22596 0.5 0.0542 1
11 0.52471 0.5 0.00366 1
11 0.53625 0.5 0.00522 1
2 0.54414 0.5 0.00768 1
2 0.5574 0.5 0.00608 1
11 0.57604 0.5 0.03116 1
11 0.59851 0.5 0.0135 1
11 0.8506 0.5 0.02532 1
11 0.86544 0.5 0.00132 1
11 0.87098 0.5 0.00604 1
11 0.87809 0.5 0.00838 1
11 0.89279 0.5 0.01838 1
11 0.90478 0.5 0.00452 1
11 0.92108 0.5 0.00476 1
24 0.08615 0.5 0.0149 1
24 0.28761 0.5 0.05478 1
24 0.33796 0.5 0.00308 1
24 0.44344 0.5 0.0124 1
24 0.45289 0.5 0.00154 1
24 0.4683 0.5 0.00332 1
4 0.49296 0.5 0.00172 1
4 0.93156 0.5 0.01248 1
4 0.9495 0.5 0.009 1
4 0.95746 0.5 0.00312 1
18 0.91746 0.5 0.00208 1
