21 0.03805 0.5 0.0011 1
8 0.62524 0.5 0.00148 1
21 0.68791 0.5 0.00658 1
21 0.7373 0.5 0.0008 1
15 0.02559 0.5 0.00366 1
3 0.30087 0.5 0.00426 1
6 0.42136 0.5 0.00348 1
15 0.47864 0.5 0.00116 1
2 0.59862 0.5 0.00952 1
2 0.78563 0.5 0.00186 1
24 0.11278 0.5 0.00128 1
4 0.10754 0.5 0.01104 1
4 0.29089 0.5 0.01098 1
4 0.80144 0.5 0.00636 1
4 0.93142 0.5 0.00292 1
4 0.96432 0.5 0.02496 1
18 0.09555 0.5 0.00274 1
18 0.1356 0.5 0.00076 1
18 0.25445 0.5 0.00078 1
18 0.27293 0.5 0.0025 1
18 0.48205 0.5 0.0009 1
