8 0.19178 0.5 0.00176 1
8 0.52806 0.5 0.0028 1
8 0.53774 0.5 0.01656 1
8 0.578 0.5 0.0628 1
8 0.61074 0.5 0.00264 1
8 0.63257 0.5 0.00514 1
8 0.64229 0.5 0.01422 1
8 0.6548 0.5 0.01076 1
21 0.66387 0.5 0.00714 1
21 0.66817 0.5 0.0013 1
21 0.78165 0.5 0.22562 1
21 0.95987 0.5 0.03622 1
8 1.01432 0.5 0.07112 1
2 0.02248 0.5 0.0038 1
2 0.03072 0.5 0.00168 1
2 0.0451 0.5 0.01368 1
2 0.05491 0.5 0.00262 1
15 0.27426 0.5 0.0028 1
15 0.28687 0.5 0.00214 1
15 0.29629 0.5 0.0037 1
2 0.44606 0.5 0.01072 1
2 0.45335 0.5 0.00382 1
25 0.91819 0.5 0.04742 1
4 0.06613 0.5 0.01978 1
4 0.33501 0.5 0.01878 1
18 0.1871 0.5 0.00072 1
18 0.50058 0.5 0.0008 1
