8 0.02305 0.5 0.00322 1
8 0.06407 0.5 0.05522 1
8 0.09331 0.5 0.00322 1
21 0.34304 0.5 0.02396 1
21 0.41593 0.5 0.00414 1
21 0.728 0.5 0.01084 1
21 0.75234 0.5 0.02472 1
21 0.87317 0.5 0.0047 1
21 0.88477 0.5 0.01566 1
21 0.899 0.5 0.00528 1
25 0.26416 0.5 0.00812 1
2 0.39774 0.5 0.00416 1
2 0.40776 0.5 0.01132 1
2 0.41235 0.5 0.00274 1
25 0.4862 0.5 0.0052 1
25 0.49593 0.5 0.00346 1
12 0.625 0.5 0.01436 1
15 0.86095 0.5 0.0017 1
24 0.0187 0.5 0.0012 1
24 0.83625 0.5 0.0017 1
24 0.93438 0.5 0.0402 1
24 0.97127 0.5 0.00606 1
4 0.01522 0.5 0.0076 1
4 0.28421 0.5 0.00074 1
4 0.41081 0.5 0.00566 1
4 0.61107 0.5 0.00438 1
4 0.63964 0.5 0.00264 1
4 0.64192 0.5 0.00248 1
4 0.65007 0.5 0.00242 1
18 0.22662 0.5 0.0006 1
18 0.56455 0.5 0.00066 1
