21 0.83598 0.5 0.00488 1
21 0.84674 0.5 0.00672 1
21 0.87116 0.5 0.00068 1
21 0.88102 0.5 0.00096 1
5 0.06509 0.5 0.00218 1
2 0.1105 0.5 0.00704 1
2 0.14191 0.5 0.00198 1
13 0.33549 0.5 0.01114 1
6 0.34449 0.5 0.00194 1
2 0.39838 0.5 0.00716 1
2 0.41274 0.5 0.00192 1
13 0.43465 0.5 0.00642 1
13 0.44057 0.5 0.00394 1
2 0.44882 0.5 0.00696 1
2 0.45965 0.5 0.0129 1
5 0.82527 0.5 0.00234 1
24 0.42511 0.5 0.00386 1
24 0.57966 0.5 0.11116 1
4 0.0865 0.5 0.00936 1
4 0.09299 0.5 0.00434 1
4 0.10034 0.5 0.00824 1
4 0.12748 0.5 0.02692 1
4 0.32623 0.5 0.00734 1
4 0.34229 0.5 0.00242 1
4 0.73722 0.5 0.0116 1
4 0.96771 0.5 0.01214 1
4 0.97946 0.5 0.0036 1
4 0.98436 0.5 0.00604 1
18 0.20758 0.5 0.00088 1
18 0.22819 0.5 0.00146 1
18 0.35335 0.5 0.00082 1
18 0.39148 0.5 0.00084 1
18 0.4902 0.5 0.00084 1
18 0.49208 0.5 0.00132 1
18 0.70123 0.5 0.0013 1
