8 0.662 0.5 0.0032 1
8 0.6678 0.5 0.00828 1
8 0.74345 0.5 0.04906 1
8 0.77432 0.5 0.01028 1
21 0.8121 0.5 0.01996 1
21 0.82318 0.5 0.00216 1
21 0.83946 0.5 0.03064 1
21 0.88664 0.5 0.06404 1
21 0.92951 0.5 0.02218 1
8 0.94397 0.5 0.0067 1
8 1.00404 0.5 0.1134 1
2 0.1273 0.5 0.00476 1
2 0.13138 0.5 0.00104 1
25 0.13628 0.5 0.0018 1
2 0.16409 0.5 0.00282 1
15 0.23222 0.5 0.0096 1
25 0.25485 0.5 0.00554 1
6 0.4237 0.5 0.00512 1
2 0.56372 0.5 0.0244 1
2 0.57866 0.5 0.00188 1
2 0.59289 0.5 0.00254 1
2 0.61609 0.5 0.00474 1
2 0.618 0.5 0.00296 1
2 0.6288 0.5 0.00412 1
2 0.63045 0.5 0.00306 1
2 0.64618 0.5 0.01396 1
2 0.65448 0.5 0.00276 1
2 0.65931 0.5 0.00214 1
10 0.7015 0.5 0.03512 1
24 0.54022 0.5 0.00116 1
4 0.34333 0.5 0.01218 1
4 0.39354 0.5 0.00116 1
4 0.39692 0.5 0.00352 1
4 0.53514 0.5 0.01084 1
4 0.65252 0.5 0.00184 1
18 0.27973 0.5 0.00142 1
18 0.41644 0.5 0.00096 1
18 0.4198 0.5 0.00116 1
18 0.78064 0.5 0.00124 1
