21 0.23505 0.5 0.0045 1
21 0.46122 0.5 0.01752 1
21 0.70441 0.5 0.00154 1
21 0.7477 0.5 0.00608 1
21 0.76467 0.5 0.0073 1
21 0.76979 0.5 0.00282 1
21 0.77243 0.5 0.00218 1
21 0.77449 0.5 0.0019 1
21 0.77637 0.5 0.00142 1
21 0.82588 0.5 0.01752 1
15 0.04516 0.5 0.00976 1
13 0.13497 0.5 0.00058 1
2 0.14958 0.5 0.0096 1
2 0.16374 0.5 0.0184 1
2 0.27436 0.5 0.00812 1
13 0.37378 0.5 0.00184 1
2 0.38604 0.5 0.0014 1
6 0.39732 0.5 0.0012 1
13 0.44284 0.5 0.0108 1
13 0.47339 0.5 0.00682 1
2 0.61791 0.5 0.0013 1
13 0.70646 0.5 0.0022 1
2 0.7804 0.5 0.0066 1
13 0.83805 0.5 0.00682 1
13 0.97028 0.5 0.00184 1
1 0.58235 0.5 0.00418 1
1 0.94701 0.5 0.00418 1
4 0.39069 0.5 0.00186 1
4 0.4515 0.5 0.0018 1
4 0.62939 0.5 0.01086 1
4 0.64661 0.5 0.00406 1
4 0.65033 0.5 0.00342 1
4 0.65948 0.5 0.01476 1
4 0.6702 0.5 0.0062 1
4 0.67517 0.5 0.00238 1
4 0.67827 0.5 0.00378 1
4 0.81616 0.5 0.0018 1
4 0.99382 0.5 0.01084 1
18 0.28825 0.5 0.00058 1
18 0.38317 0.5 0.00086 1
18 0.53116 0.5 0.00104 1
18 0.89582 0.5 0.00104 1
