0 0.00111 0.5 0.00146 1
0 0.01084 0.5 0.00144 1
0 0.02096 0.5 0.00144 1
0 0.03117 0.5 0.00126 1
0 0.04082 0.5 0.00144 1
0 0.05095 0.5 0.00146 1
0 0.06068 0.5 0.00144 1
0 0.0708 0.5 0.00144 1
0 0.08092 0.5 0.00144 1
0 0.09103 0.5 0.00146 1
0 0.10076 0.5 0.00144 1
0 0.11097 0.5 0.00126 1
0 0.1211 0.5 0.00124 1
0 0.13119 0.5 0.00126 1
0 0.14137 0.5 0.00118 1
0 0.15159 0.5 0.00138 1
0 0.16163 0.5 0.00126 1
0 0.17189 0.5 0.00126 1
0 0.18207 0.5 0.00138 1
0 0.19211 0.5 0.00126 1
0 0.20229 0.5 0.00138 1
0 0.21233 0.5 0.00126 1
0 0.22247 0.5 0.00126 1
0 0.23263 0.5 0.00138 1
0 0.24267 0.5 0.00126 1
0 0.25281 0.5 0.00126 1
0 0.26297 0.5 0.00138 1
0 0.27301 0.5 0.00126 1
0 0.28315 0.5 0.00126 1
0 0.29335 0.5 0.00126 1
0 0.30343 0.5 0.00126 1
0 0.31355 0.5 0.00126 1
0 0.32379 0.5 0.00126 1
0 0.33378 0.5 0.00124 1
0 0.34392 0.5 0.0014 1
0 0.35383 0.5 0.00146 1
0 0.36403 0.5 0.00126 1
0 0.37414 0.5 0.00124 1
0 0.38419 0.5 0.00126 1
0 0.39429 0.5 0.00126 1
0 0.41447 0.5 0.00126 1
0 0.42448 0.5 0.00124 1
0 0.43458 0.5 0.00144 1
0 0.44475 0.5 0.00126 1
0 0.45483 0.5 0.00126 1
0 0.46491 0.5 0.00122 1
0 0.47501 0.5 0.00126 1
0 0.48496 0.5 0.00144 1
0 0.50527 0.5 0.00126 1
0 0.5153 0.5 0.00124 1
0 0.52546 0.5 0.00144 1
0 0.53561 0.5 0.00126 1
0 0.54571 0.5 0.00126 1
0 0.55579 0.5 0.00122 1
0 0.56587 0.5 0.00126 1
0 0.57582 0.5 0.00144 1
0 0.59613 0.5 0.00126 1
0 0.61083 0.5 0.00126 1
0 0.63107 0.5 0.00122 1
0 0.64131 0.5 0.00126 1
0 0.65134 0.5 0.00144 1
0 0.67163 0.5 0.00122 1
0 0.68185 0.5 0.00126 1
0 0.70205 0.5 0.00126 1
0 0.71209 0.5 0.00126 1
0 0.73233 0.5 0.00126 1
0 0.74228 0.5 0.00144 1
0 0.75249 0.5 0.00126 1
0 0.76261 0.5 0.00122 1
0 0.77276 0.5 0.00144 1
0 0.78288 0.5 0.00144 1
0 0.79307 0.5 0.00126 1
0 0.80317 0.5 0.00126 1
0 0.81321 0.5 0.00126 1
0 0.82333 0.5 0.00126 1
0 0.83345 0.5 0.00122 1
0 0.84351 0.5 0.00126 1
0 0.85348 0.5 0.00144 1
0 0.86356 0.5 0.00144 1
0 0.87371 0.5 0.00126 1
0 0.88383 0.5 0.00126 1
0 0.89399 0.5 0.00126 1
0 0.90407 0.5 0.00126 1
0 0.91408 0.5 0.00144 1
0 0.92418 0.5 0.00144 1
0 0.93433 0.5 0.00126 1
0 0.94445 0.5 0.00126 1
0 0.95461 0.5 0.00126 1
0 0.96469 0.5 0.00126 1
0 0.9747 0.5 0.00144 1
0 0.9848 0.5 0.00144 1
0 0.99495 0.5 0.00126 1
