21 0.01743 0.5 0.0031 1
21 0.03908 0.5 0.008 1
21 0.06621 0.5 0.04638 1
21 0.09515 0.5 0.01162 1
8 0.12557 0.5 0.00678 1
8 0.1367 0.5 0.01544 1
8 0.14955 0.5 0.00962 1
8 0.15616 0.5 0.0034 1
8 0.15914 0.5 0.00256 1
8 0.16461 0.5 0.00822 1
21 0.19501 0.5 0.04038 1
8 0.21959 0.5 0.00874 1
8 0.22467 0.5 0.00138 1
8 0.23529 0.5 0.0209 1
8 0.25135 0.5 0.01118 1
8 0.26305 0.5 0.01218 1
21 0.28565 0.5 0.03298 1
21 0.31564 0.5 0.02696 1
21 0.34459 0.5 0.03098 1
21 0.37634 0.5 0.03328 1
21 0.39934 0.5 0.0106 1
21 0.41857 0.5 0.00282 1
8 0.42723 0.5 0.00422 1
21 0.44607 0.5 0.01182 1
21 0.45664 0.5 0.00376 1
21 0.4638 0.5 0.0048 1
21 0.4839 0.5 0.01692 1
21 0.50854 0.5 0.02816 1
8 0.52585 0.5 0.00222 1
21 0.57803 0.5 0.00518 1
21 0.59539 0.5 0.01218 1
21 0.60513 0.5 0.00722 1
21 0.63261 0.5 0.04806 1
21 0.66168 0.5 0.00884 1
21 0.68404 0.5 0.03688 1
21 0.71997 0.5 0.03494 1
21 0.74273 0.5 0.01026 1
8 0.78273 0.5 0.06966 1
8 0.8426 0.5 0.05 1
8 0.87167 0.5 0.0081 1
21 0.88722 0.5 0.02296 1
8 0.90031 0.5 0.00314 1
8 0.91746 0.5 0.03112 1
21 0.94202 0.5 0.01796 1
21 0.99717 0.5 0.0923 1
18 0.5846 0.5 0.00108 1
