8 0.4901 0.5 0.01028 1
8 0.4989 0.5 0.00728 1
8 0.50926 0.5 0.01392 1
21 0.52551 0.5 0.01878 1
21 0.57732 0.5 0.0848 1
21 0.63509 0.5 0.0309 1
21 0.65973 0.5 0.01834 1
21 0.78447 0.5 0.01458 1
8 0.80579 0.5 0.02802 1
21 0.83137 0.5 0.02302 1
8 0.845 0.5 0.00416 1
21 0.89161 0.5 0.02286 1
11 0.20059 0.5 0.00742 1
11 0.20555 0.5 0.00126 1
11 0.25363 0.5 0.00426 1
11 0.40728 0.5 0.00508 1
2 0.91153 0.5 0.00758 1
15 0.91638 0.5 0.00208 1
2 0.95139 0.5 0.05486 1
2 1.00027 0.5 0.04278 1
24 0.03904 0.5 0.00196 1
24 0.05149 0.5 0.01342 1
24 0.68445 0.5 0.01226 1
24 0.73955 0.5 0.07602 1
4 0.09661 0.5 0.00158 1
4 0.11192 0.5 0.00344 1
4 0.11981 0.5 0.00902 1
4 0.1438 0.5 0.03936 1
4 0.17865 0.5 0.0159 1
4 0.28581 0.5 0.05498 1
4 0.32269 0.5 0.01498 1
4 0.33957 0.5 0.01498 1
4 0.39145 0.5 0.00666 1
4 0.85871 0.5 0.02322 1
18 0.07622 0.5 0.0006 1
18 0.08306 0.5 0.00104 1
18 0.36582 0.5 0.00052 1
18 0.40208 0.5 0.001 1
