8 0.10286 0.5 0.01124 1
21 0.2535 0.5 0.04556 1
21 0.28879 0.5 0.02114 1
21 0.30969 0.5 0.0173 1
21 0.32238 0.5 0.00716 1
21 0.57931 0.5 0.05054 1
21 0.61577 0.5 0.01462 1
21 0.63266 0.5 0.0158 1
21 0.64837 0.5 0.01558 1
21 0.69972 0.5 0.08676 1
21 0.77728 0.5 0.06836 1
21 0.81342 0.5 0.0042 1
21 0.8251 0.5 0.0158 1
21 0.84366 0.5 0.00896 1
21 0.85478 0.5 0.00456 1
21 0.85902 0.5 0.00208 1
21 0.86345 0.5 0.00246 1
8 0.96202 0.5 0.01 1
8 0.98354 0.5 0.03264 1
11 0.11017 0.5 0.00334 1
11 0.14009 0.5 0.00458 1
11 0.17226 0.5 0.00868 1
11 0.20276 0.5 0.04064 1
11 0.35697 0.5 0.00882 1
15 0.87919 0.5 0.02886 1
15 0.91444 0.5 0.04204 1
15 0.93839 0.5 0.00658 1
4 0.39851 0.5 0.00234 1
4 0.40516 0.5 0.01052 1
4 0.41445 0.5 0.00822 1
4 0.44916 0.5 0.00576 1
4 0.4527 0.5 0.00112 1
4 0.45672 0.5 0.0036 1
18 0.15288 0.5 0.00124 1
18 0.42108 0.5 0.00068 1
18 0.94993 0.5 0.00086 1
