21 0.34437 0.5 0.0375 1
21 0.62612 0.5 0.01848 1
21 0.65425 0.5 0.02954 1
21 0.67218 0.5 0.00472 1
21 0.68411 0.5 0.01886 1
21 0.70309 0.5 0.00106 1
21 0.70555 0.5 0.00382 1
21 0.70834 0.5 0.00172 1
21 0.73147 0.5 0.02422 1
21 0.75931 0.5 0.0083 1
21 0.76848 0.5 0.00208 1
21 0.78344 0.5 0.01728 1
21 0.80397 0.5 0.00842 1
21 0.81373 0.5 0.01042 1
21 0.823 0.5 0.00796 1
21 0.85786 0.5 0.05528 1
21 0.91879 0.5 0.00098 1
21 0.9389 0.5 0.01496 1
21 0.96686 0.5 0.03952 1
21 1.02408 0.5 0.07488 1
11 0.00281 0.5 0.0037 1
11 0.04345 0.5 0.0041 1
11 0.04596 0.5 0.0006 1
15 0.26936 0.5 0.00064 1
15 0.27275 0.5 0.00062 1
2 0.27589 0.5 0.00278 1
25 0.28778 0.5 0.00216 1
2 0.31322 0.5 0.02476 1
2 0.47272 0.5 0.21916 1
15 0.59022 0.5 0.00704 1
4 0.27106 0.5 0.00272 1
4 0.29883 0.5 0.00358 1
4 0.90829 0.5 0.01006 1
18 0.23461 0.5 0.00062 1
18 0.25903 0.5 0.00078 1
