21 0.00898 0.5 0.00556 1
21 0.01317 0.5 0.00226 1
21 0.03061 0.5 0.00158 1
21 0.05737 0.5 0.02262 1
21 0.08463 0.5 0.0331 1
21 0.10381 0.5 0.00522 1
21 0.11163 0.5 0.0111 1
21 0.12313 0.5 0.01166 1
8 0.79822 0.5 0.00296 1
2 0.03856 0.5 0.01424 1
5 0.14199 0.5 0.00262 1
2 0.17667 0.5 0.0021 1
2 0.19849 0.5 0.01958 1
5 0.25025 0.5 0.00486 1
5 0.28879 0.5 0.01278 1
5 0.29857 0.5 0.00706 1
5 0.40463 0.5 0.0107 1
2 0.427 0.5 0.00288 1
2 0.43227 0.5 0.0127 1
13 0.44565 0.5 0.00962 1
11 0.70033 0.5 0.00222 1
11 0.7096 0.5 0.0022 1
11 0.71799 0.5 0.00854 1
11 0.73271 0.5 0.01678 1
2 0.91101 0.5 0.01266 1
5 0.92299 0.5 0.0113 1
5 0.94446 0.5 0.03168 1
5 0.963 0.5 0.00644 1
24 0.45318 0.5 0.00212 1
24 0.5846 0.5 0.00388 1
24 0.62728 0.5 0.00144 1
24 0.80947 0.5 0.00334 1
24 0.81143 0.5 0.00118 1
24 0.81593 0.5 0.0015 1
4 0.12969 0.5 0.00142 1
4 0.28158 0.5 0.0016 1
4 0.63238 0.5 0.0108 1
4 0.63985 0.5 0.00398 1
18 0.86309 0.5 0.00086 1
