21 0.1726 0.5 0.00792 1
0 0.27063 0.5 0.00622 1
0 0.27486 0.5 0.0022 1
0 0.2795 0.5 0.00704 1
21 0.38963 0.5 0.00554 1
21 0.40841 0.5 0.03198 1
21 0.43158 0.5 0.01432 1
21 0.4424 0.5 0.00448 1
21 0.64634 0.5 0.00548 1
8 0.87437 0.5 0.0009 1
13 0.00252 0.5 0.00396 1
13 0.00841 0.5 0.00662 1
11 0.36376 0.5 0.0196 1
11 0.38267 0.5 0.0011 1
11 0.38555 0.5 0.00258 1
11 0.45173 0.5 0.01414 1
11 0.50039 0.5 0.08298 1
11 0.54695 0.5 0.0105 1
2 0.70603 0.5 0.00214 1
2 0.75346 0.5 0.00612 1
2 0.93342 0.5 0.018 1
2 0.95478 0.5 0.01768 1
24 0.617 0.5 0.007 1
24 0.72643 0.5 0.00546 1
24 0.778 0.5 0.00072 1
24 0.82499 0.5 0.00102 1
4 0.20144 0.5 0.00328 1
4 0.22374 0.5 0.01804 1
4 0.24218 0.5 0.0058 1
4 0.8381 0.5 0.0178 1
4 0.90338 0.5 0.00976 1
4 0.91357 0.5 0.00246 1
4 0.96978 0.5 0.00628 1
4 0.98314 0.5 0.00696 1
4 0.99554 0.5 0.00264 1
4 1.0053 0.5 0.01632 1
18 0.3148 0.5 0.00076 1
18 0.37934 0.5 0.00068 1
18 0.65271 0.5 0.00078 1
18 0.77224 0.5 0.00088 1
