8 0.04297 0.5 0.0003 1
21 0.04394 0.5 0.0016 1
21 0.17927 0.5 0.00182 1
21 0.33809 0.5 0.00142 1
21 0.41204 0.5 0.00472 1
21 0.41794 0.5 0.00664 1
21 0.78729 0.5 0.01174 1
21 0.79666 0.5 0.00128 1
21 0.814 0.5 0.03452 1
21 0.83404 0.5 0.00352 1
21 0.85605 0.5 0.0403 1
21 0.88971 0.5 0.0269 1
21 0.91065 0.5 0.01494 1
21 0.94004 0.5 0.04276 1
21 0.9728 0.5 0.00084 1
21 0.97343 0.5 0.00058 1
21 0.98506 0.5 0.02356 1
21 1.00486 0.5 0.016 1
2 0.06059 0.5 0.00662 1
2 0.06331 0.5 0.0015 1
2 0.0698 0.5 0.0072 1
2 0.10348 0.5 0.00212 1
2 0.15092 0.5 0.00616 1
6 0.18981 0.5 0.00482 1
25 0.20721 0.5 0.00758 1
2 0.44239 0.5 0.00862 1
11 0.53282 0.5 0.01064 1
2 0.61323 0.5 0.02958 1
2 0.63792 0.5 0.01988 1
2 0.68869 0.5 0.0817 1
2 0.73147 0.5 0.0031 1
24 0.23132 0.5 0.00112 1
24 0.23809 0.5 0.0041 1
24 0.26346 0.5 0.03524 1
24 0.29362 0.5 0.01532 1
24 0.31515 0.5 0.0141 1
24 0.51006 0.5 0.01276 1
4 0.43431 0.5 0.00662 1
4 0.44812 0.5 0.00208 1
4 0.47826 0.5 0.00164 1
4 0.56979 0.5 0.0235 1
4 0.58309 0.5 0.00106 1
18 0.10116 0.5 0.00056 1
18 0.3509 0.5 0.00072 1
18 0.42738 0.5 0.00076 1
18 0.96756 0.5 0.00168 1
