8 0.01746 0.5 0.03112 1
21 0.04202 0.5 0.01796 1
21 0.09717 0.5 0.0923 1
21 0.15228 0.5 0.01788 1
8 0.17757 0.5 0.03266 1
8 0.19658 0.5 0.00532 1
8 0.20198 0.5 0.00332 1
8 0.5587 0.5 0.00536 1
8 0.56957 0.5 0.00906 1
8 0.58108 0.5 0.00212 1
8 0.59696 0.5 0.0008 1
8 0.60309 0.5 0.00098 1
8 0.61435 0.5 0.00146 1
21 0.65997 0.5 0.00882 1
21 0.68171 0.5 0.03466 1
21 0.70774 0.5 0.0164 1
21 0.74004 0.5 0.04088 1
8 0.80703 0.5 0.00126 1
8 0.81014 0.5 0.00212 1
8 0.82602 0.5 0.0008 1
13 0.20964 0.5 0.00188 1
13 0.21888 0.5 0.0118 1
15 0.23091 0.5 0.00766 1
15 0.24616 0.5 0.00492 1
3 0.25006 0.5 0.00112 1
11 0.31638 0.5 0.00948 1
11 0.33549 0.5 0.02782 1
11 0.35464 0.5 0.01076 1
11 0.40622 0.5 0.07812 1
11 0.46208 0.5 0.0038 1
2 0.49932 0.5 0.00304 1
2 0.51109 0.5 0.00766 1
25 0.54143 0.5 0.00146 1
24 0.86594 0.5 0.00236 1
4 0.91525 0.5 0.00138 1
18 0.53955 0.5 0.0017 1
18 0.91963 0.5 0.00114 1
