21 0.01879 0.5 0.00098 1
21 0.0389 0.5 0.01496 1
21 0.06686 0.5 0.03952 1
21 0.12408 0.5 0.07488 1
21 0.21003 0.5 0.09722 1
21 0.27593 0.5 0.03454 1
21 0.30876 0.5 0.0036 1
21 0.33225 0.5 0.0091 1
21 0.34255 0.5 0.01062 1
21 0.35587 0.5 0.00798 1
21 0.38698 0.5 0.0536 1
21 0.41681 0.5 0.00614 1
21 0.42605 0.5 0.01254 1
21 0.4379 0.5 0.01052 1
21 0.45234 0.5 0.01032 1
21 0.47074 0.5 0.0264 1
21 0.50172 0.5 0.03044 1
21 0.51778 0.5 0.00164 1
21 0.52007 0.5 0.00298 1
21 0.52361 0.5 0.00422 1
21 0.53315 0.5 0.01482 1
21 0.54441 0.5 0.00686 1
0 0.58874 0.5 0.00124 1
0 0.59843 0.5 0.00126 1
0 0.60815 0.5 0.00126 1
0 0.61823 0.5 0.00126 1
0 0.62801 0.5 0.00126 1
0 0.63809 0.5 0.00126 1
0 0.64783 0.5 0.00126 1
0 0.65795 0.5 0.00126 1
0 0.66803 0.5 0.00126 1
0 0.67777 0.5 0.00126 1
0 0.68785 0.5 0.00126 1
0 0.69759 0.5 0.00126 1
0 0.70771 0.5 0.00126 1
0 0.71745 0.5 0.00126 1
0 0.72753 0.5 0.00126 1
0 0.73727 0.5 0.00126 1
0 0.74701 0.5 0.00126 1
0 0.75703 0.5 0.00126 1
0 0.76689 0.5 0.00138 1
0 0.77671 0.5 0.00126 1
0 0.78683 0.5 0.00126 1
0 0.79657 0.5 0.00126 1
0 0.80665 0.5 0.00126 1
0 0.81639 0.5 0.00126 1
0 0.82613 0.5 0.00126 1
0 0.83615 0.5 0.00126 1
0 0.84601 0.5 0.00138 1
0 0.85583 0.5 0.00126 1
0 0.86593 0.5 0.00126 1
0 0.87567 0.5 0.00126 1
0 0.88573 0.5 0.00126 1
0 0.89557 0.5 0.00146 1
0 0.90559 0.5 0.00126 1
0 0.91581 0.5 0.00146 1
0 0.92545 0.5 0.00126 1
0 0.93551 0.5 0.00126 1
0 0.94537 0.5 0.00146 1
0 0.95539 0.5 0.00126 1
0 0.96561 0.5 0.00146 1
0 0.97525 0.5 0.00126 1
0 0.98531 0.5 0.00126 1
0 0.99515 0.5 0.00146 1
11 0.57268 0.5 0.03032 1
24 0.55287 0.5 0.00926 1
4 0.00829 0.5 0.01006 1
4 0.30336 0.5 0.00232 1
18 0.65666 0.5 0.00056 1
18 0.70642 0.5 0.00056 1
18 0.75572 0.5 0.0006 1
18 0.78554 0.5 0.00056 1
18 0.83484 0.5 0.0006 1
18 0.86464 0.5 0.00056 1
18 0.9043 0.5 0.00056 1
18 0.91442 0.5 0.00056 1
18 0.9541 0.5 0.00056 1
18 0.96422 0.5 0.00056 1
