8 0.06133 0.5 0.00302 1
21 0.19571 0.5 0.02346 1
21 0.3077 0.5 0.00288 1
2 0.10146 0.5 0.05852 1
2 0.13228 0.5 0.00116 1
2 0.14036 0.5 0.0096 1
2 0.15004 0.5 0.00504 1
2 0.15506 0.5 0.00264 1
2 0.17557 0.5 0.01598 1
2 0.21234 0.5 0.00972 1
2 0.21959 0.5 0.00314 1
2 0.23655 0.5 0.00362 1
2 0.29889 0.5 0.00358 1
15 0.43521 0.5 0.05198 1
15 0.47341 0.5 0.00422 1
2 0.79469 0.5 0.05794 1
2 0.83104 0.5 0.00332 1
2 0.872 0.5 0.03796 1
2 0.97041 0.5 0.00114 1
24 0.32874 0.5 0.01984 1
24 0.36048 0.5 0.03716 1
24 0.39297 0.5 0.01846 1
24 0.48438 0.5 0.01768 1
24 0.94932 0.5 0.041 1
24 0.98225 0.5 0.00146 1
24 0.99129 0.5 0.00374 1
4 0.30524 0.5 0.00196 1
4 0.53057 0.5 0.00126 1
4 0.53277 0.5 0.00442 1
4 0.5379 0.5 0.00356 1
4 0.59895 0.5 0.07502 1
4 0.66919 0.5 0.02682 1
4 0.75388 0.5 0.00192 1
4 0.84264 0.5 0.02028 1
18 0.23044 0.5 0.00076 1
18 0.26198 0.5 0.00052 1
18 0.75679 0.5 0.00074 1
