21 0.06463 0.5 0.00238 1
21 0.08223 0.5 0.02762 1
21 0.09725 0.5 0.00238 1
21 0.11913 0.5 0.0059 1
21 0.16824 0.5 0.09192 1
21 0.21729 0.5 0.00614 1
8 0.96289 0.5 0.00894 1
8 0.97194 0.5 0.00796 1
8 0.97964 0.5 0.00576 1
8 0.98378 0.5 0.00232 1
8 1.01737 0.5 0.05958 1
2 0.47475 0.5 0.10574 1
2 0.53182 0.5 0.00836 1
2 0.57921 0.5 0.08638 1
2 0.62514 0.5 0.00564 1
2 0.67958 0.5 0.0976 1
2 0.76826 0.5 0.07984 1
2 0.82371 0.5 0.03098 1
2 0.86229 0.5 0.04614 1
4 0.0372 0.5 0.00184 1
4 0.30598 0.5 0.00244 1
4 0.30964 0.5 0.00388 1
4 0.3198 0.5 0.0158 1
4 0.32772 0.5 0.00116 1
18 0.06641 0.5 0.00114 1
18 0.33074 0.5 0.00124 1
