6 0.10927 0.5 0.0029 1
15 0.2379 0.5 0.00536 1
2 0.3243 0.5 0.00728 1
2 0.32994 0.5 0.00312 1
2 0.33088 0.5 0.00252 1
15 0.43451 0.5 0.00262 1
2 0.44069 0.5 0.0063 1
2 0.52326 0.5 0.04072 1
24 0.18276 0.5 0.00256 1
24 0.31344 0.5 0.01416 1
23 0.46394 0.5 0.0052 1
24 0.75835 0.5 0.00274 1
24 0.83404 0.5 0.00664 1
24 0.8931 0.5 0.0064 1
24 0.92572 0.5 0.00308 1
24 0.93796 0.5 0.00604 1
1 0.62496 0.5 0.00148 1
4 0.07862 0.5 0.03612 1
4 0.48183 0.5 0.0085 1
4 0.49445 0.5 0.01686 1
4 0.5451 0.5 0.00292 1
4 0.54882 0.5 0.00332 1
18 0.36059 0.5 0.00106 1
18 0.56178 0.5 0.00088 1
18 0.58158 0.5 0.0008 1
18 0.68659 0.5 0.00078 1
18 0.71898 0.5 0.00124 1
18 0.85923 0.5 0.0013 1
