2 0.25654 0.5 0.00716 1
2 0.42445 0.5 0.00994 1
2 0.44361 0.5 0.00326 1
2 0.45697 0.5 0.00298 1
2 0.45915 0.5 0.00314 1
2 0.46053 0.5 0.00418 1
2 0.49687 0.5 0.00506 1
6 0.62263 0.5 0.0025 1
15 0.95463 0.5 0.00318 1
5 0.96387 0.5 0.0101 1
15 0.97088 0.5 0.00316 1
15 0.99045 0.5 0.00738 1
25 0.99233 0.5 0.0099 1
24 0.75603 0.5 0.0049 1
1 0.71288 0.5 0.00232 1
18 0.12223 0.5 0.00074 1
18 0.16972 0.5 0.00052 1
18 0.2742 0.5 0.00144 1
18 0.46657 0.5 0.00082 1
18 0.57715 0.5 0.0011 1
18 0.70518 0.5 0.0012 1
18 0.80814 0.5 0.0014 1
