21 0.04758 0.5 0.02208 1
21 0.06131 0.5 0.00318 1
21 0.08308 0.5 0.0222 1
21 0.09952 0.5 0.00404 1
21 0.12149 0.5 0.03494 1
21 0.15184 0.5 0.02572 1
21 0.7291 0.5 0.02296 1
21 0.74196 0.5 0.00272 1
21 0.74498 0.5 0.0018 1
21 0.74626 0.5 0.00108 1
21 0.74767 0.5 0.00314 1
21 0.74961 0.5 0.00146 1
21 0.76158 0.5 0.01712 1
21 0.83642 0.5 0.01992 1
21 0.85777 0.5 0.02342 1
8 0.87581 0.5 0.0009 1
11 0.19841 0.5 0.06738 1
11 0.25169 0.5 0.0317 1
2 0.58986 0.5 0.00276 1
2 0.78961 0.5 0.00578 1
2 0.80743 0.5 0.01314 1
2 0.81913 0.5 0.00446 1
2 0.92248 0.5 0.0038 1
2 0.93072 0.5 0.00168 1
2 0.9451 0.5 0.01368 1
2 0.95491 0.5 0.00262 1
24 0.28891 0.5 0.00142 1
24 0.63974 0.5 0.00176 1
24 0.67669 0.5 0.02598 1
24 0.69518 0.5 0.00304 1
24 0.70957 0.5 0.01402 1
24 0.88062 0.5 0.01012 1
4 0.28528 0.5 0.00544 1
4 0.41345 0.5 0.24986 1
4 0.55347 0.5 0.03062 1
4 0.63204 0.5 0.00316 1
4 0.77845 0.5 0.0165 1
4 0.82394 0.5 0.005 1
4 0.89768 0.5 0.00544 1
4 0.96613 0.5 0.01978 1
