8 0.04445 0.5 0.00234 1
0 0.28066 0.5 0.00668 1
8 0.43692 0.5 0.00372 1
21 0.7379 0.5 0.01912 1
21 0.80633 0.5 0.11774 1
21 0.8758 0.5 0.02116 1
2 0.06788 0.5 0.00808 1
2 0.07741 0.5 0.01086 1
2 0.10656 0.5 0.00128 1
12 0.11241 0.5 0.00154 1
17 0.36078 0.5 0.00668 1
25 0.46897 0.5 0.00546 1
25 0.47904 0.5 0.0048 1
25 0.51622 0.5 0.00964 1
5 0.52213 0.5 0.00198 1
2 0.62406 0.5 0.0072 1
2 0.70667 0.5 0.00886 1
2 0.71378 0.5 0.00324 1
2 0.71518 0.5 0.00232 1
2 0.72065 0.5 0.00198 1
2 0.88692 0.5 0.00104 1
24 0.45487 0.5 0.00134 1
24 0.60583 0.5 0.00202 1
24 0.97713 0.5 0.02054 1
24 0.99363 0.5 0.00146 1
4 0.45298 0.5 0.00148 1
4 0.45842 0.5 0.00544 1
4 0.69287 0.5 0.00202 1
4 0.69575 0.5 0.00358 1
4 0.71575 0.5 0.00066 1
4 0.72419 0.5 0.00826 1
18 0.13483 0.5 0.00078 1
18 0.29825 0.5 0.00058 1
18 0.54386 0.5 0.00052 1
