21 0.23735 0.5 0.03498 1
21 0.29734 0.5 0.08496 1
21 0.39598 0.5 0.10492 1
21 0.48432 0.5 0.02324 1
21 0.51543 0.5 0.03894 1
21 0.57636 0.5 0.02316 1
21 0.75393 0.5 0.00214 1
21 0.76336 0.5 0.0006 1
21 0.83909 0.5 0.0057 1
21 0.84804 0.5 0.00452 1
21 0.85168 0.5 0.00252 1
21 0.85707 0.5 0.00818 1
21 0.94043 0.5 0.0389 1
21 0.97175 0.5 0.02342 1
21 1.01385 0.5 0.06086 1
15 0.09706 0.5 0.00808 1
2 0.19854 0.5 0.00216 1
2 0.2132 0.5 0.01328 1
2 0.46348 0.5 0.0184 1
10 0.64296 0.5 0.00212 1
25 0.8765 0.5 0.01272 1
25 0.88846 0.5 0.0002 1
25 0.8943 0.5 0.00804 1
25 0.90597 0.5 0.0071 1
4 0.15301 0.5 0.00714 1
4 0.16602 0.5 0.0106 1
4 0.17643 0.5 0.00506 1
4 0.62974 0.5 0.00132 1
4 0.65475 0.5 0.0079 1
4 0.66201 0.5 0.00282 1
4 0.68693 0.5 0.00754 1
4 0.70435 0.5 0.02422 1
18 0.13181 0.5 0.00114 1
18 0.45275 0.5 0.0011 1
18 0.74112 0.5 0.00116 1
18 0.79886 0.5 0.00056 1
18 0.80914 0.5 0.00112 1
