8 0.01153 0.5 0.00322 1
8 0.03271 0.5 0.0391 1
8 0.5397 0.5 0.05556 1
8 0.56911 0.5 0.00322 1
8 0.81498 0.5 0.01216 1
2 0.07844 0.5 0.007 1
5 0.11855 0.5 0.0065 1
25 0.27908 0.5 0.00128 1
25 0.28397 0.5 0.00626 1
2 0.3781 0.5 0.00152 1
2 0.49058 0.5 0.00704 1
2 0.62837 0.5 0.00166 1
6 0.77353 0.5 0.00394 1
15 0.78869 0.5 0.0093 1
15 0.9082 0.5 0.00372 1
2 0.96501 0.5 0.03858 1
2 0.98775 0.5 0.00686 1
24 0.26966 0.5 0.0078 1
24 0.36307 0.5 0.00842 1
24 0.40764 0.5 0.0482 1
23 0.76053 0.5 0.00122 1
24 0.89464 0.5 0.0026 1
4 0.06374 0.5 0.0224 1
4 0.08859 0.5 0.00826 1
4 0.09678 0.5 0.00608 1
4 0.46087 0.5 0.0025 1
4 0.475 0.5 0.02412 1
4 0.50075 0.5 0.00826 1
4 0.50807 0.5 0.00434 1
4 0.51079 0.5 0.00182 1
4 0.94192 0.5 0.00788 1
4 0.99778 0.5 0.00824 1
18 0.15455 0.5 0.00078 1
18 0.27611 0.5 0.00118 1
18 0.3242 0.5 0.00104 1
18 0.70701 0.5 0.00154 1
18 0.74921 0.5 0.0009 1
18 0.76181 0.5 0.00106 1
18 0.87946 0.5 0.0008 1
