8 0.29387 0.5 0.00358 1
8 0.29614 0.5 0.00144 1
8 0.30855 0.5 0.01278 1
0 0.38096 0.5 0.00704 1
21 0.68413 0.5 0.00418 1
2 0.01153 0.5 0.00758 1
15 0.01638 0.5 0.00208 1
2 0.05139 0.5 0.05486 1
2 0.10027 0.5 0.04278 1
2 0.14081 0.5 0.03862 1
2 0.20636 0.5 0.09252 1
25 0.34023 0.5 0.00342 1
2 0.4602 0.5 0.01132 1
2 0.55508 0.5 0.00216 1
6 0.58691 0.5 0.0045 1
25 0.75518 0.5 0.00208 1
25 0.79805 0.5 0.00098 1
2 0.80944 0.5 0.01112 1
2 0.81065 0.5 0.00898 1
2 0.96058 0.5 0.00224 1
24 0.64932 0.5 0.06244 1
24 0.89465 0.5 0.00666 1
24 0.90494 0.5 0.00456 1
4 0.40229 0.5 0.0089 1
4 0.41193 0.5 0.00906 1
4 0.60925 0.5 0.00262 1
4 0.6157 0.5 0.00472 1
4 0.70003 0.5 0.0187 1
4 0.71239 0.5 0.00178 1
18 0.74152 0.5 0.00084 1
