21 0.25088 0.5 0.0016 1
21 0.25563 0.5 0.0057 1
21 0.2843 0.5 0.00096 1
21 0.29962 0.5 0.02016 1
21 0.31788 0.5 0.00104 1
21 0.31933 0.5 0.00154 1
21 0.32437 0.5 0.00546 1
21 0.60758 0.5 0.00652 1
21 0.61916 0.5 0.0166 1
21 0.79963 0.5 0.0157 1
21 0.84989 0.5 0.08478 1
21 0.92334 0.5 0.06196 1
21 0.96636 0.5 0.02392 1
21 0.98789 0.5 0.0191 1
21 1.00217 0.5 0.00874 1
2 0.13847 0.5 0.00238 1
2 0.19278 0.5 0.00156 1
11 0.67782 0.5 0.10036 1
11 0.7313 0.5 0.00136 1
11 0.76222 0.5 0.05904 1
24 0.37854 0.5 0.00896 1
24 0.39305 0.5 0.01486 1
24 0.59916 0.5 0.01024 1
4 0.42729 0.5 0.04854 1
4 0.45516 0.5 0.00692 1
4 0.54437 0.5 0.00402 1
18 0.49152 0.5 0.00068 1
18 0.57199 0.5 0.00066 1
