0 0.00237 0.5 0.00126 1
0 0.01251 0.5 0.00126 1
0 0.02255 0.5 0.00126 1
0 0.03263 0.5 0.00126 1
0 0.04269 0.5 0.00126 1
0 0.05277 0.5 0.00126 1
0 0.06283 0.5 0.00126 1
0 0.07291 0.5 0.00126 1
0 0.08299 0.5 0.00126 1
0 0.09305 0.5 0.00126 1
0 0.10319 0.5 0.00126 1
0 0.11323 0.5 0.00126 1
0 0.12337 0.5 0.00126 1
0 0.13343 0.5 0.00126 1
0 0.14357 0.5 0.00126 1
0 0.15361 0.5 0.00126 1
0 0.16375 0.5 0.00126 1
0 0.17381 0.5 0.00126 1
0 0.18395 0.5 0.00126 1
0 0.19399 0.5 0.00126 1
0 0.20413 0.5 0.00126 1
0 0.21419 0.5 0.00126 1
0 0.22427 0.5 0.00126 1
0 0.23433 0.5 0.00126 1
0 0.24447 0.5 0.00126 1
0 0.25453 0.5 0.00126 1
0 0.26461 0.5 0.00126 1
0 0.27467 0.5 0.00126 1
0 0.28481 0.5 0.00126 1
0 0.29487 0.5 0.00126 1
0 0.30501 0.5 0.00126 1
0 0.31507 0.5 0.00126 1
0 0.32521 0.5 0.00126 1
0 0.33535 0.5 0.00126 1
0 0.34541 0.5 0.00126 1
0 0.35555 0.5 0.00126 1
0 0.36561 0.5 0.00126 1
0 0.37575 0.5 0.00126 1
0 0.38581 0.5 0.00126 1
0 0.39595 0.5 0.00126 1
0 0.40601 0.5 0.00126 1
0 0.41613 0.5 0.00126 1
0 0.42619 0.5 0.00126 1
0 0.43634 0.5 0.00124 1
0 0.44639 0.5 0.00126 1
0 0.45647 0.5 0.00126 1
0 0.46661 0.5 0.00122 1
0 0.47667 0.5 0.00126 1
0 0.4868 0.5 0.00124 1
0 0.49685 0.5 0.00126 1
0 0.50699 0.5 0.00126 1
0 0.51715 0.5 0.00122 1
0 0.52719 0.5 0.00126 1
0 0.53733 0.5 0.00126 1
0 0.54748 0.5 0.00124 1
0 0.55753 0.5 0.00126 1
0 0.56765 0.5 0.00126 1
0 0.57779 0.5 0.00126 1
0 0.58794 0.5 0.00124 1
0 0.59801 0.5 0.00126 1
0 0.60815 0.5 0.00126 1
0 0.61822 0.5 0.00124 1
0 0.62829 0.5 0.00126 1
0 0.63839 0.5 0.00126 1
0 0.64845 0.5 0.00126 1
0 0.65859 0.5 0.00126 1
0 0.66865 0.5 0.00126 1
0 0.67877 0.5 0.00126 1
0 0.68891 0.5 0.00126 1
0 0.69895 0.5 0.00126 1
0 0.70911 0.5 0.00126 1
0 0.72933 0.5 0.00126 1
0 0.74957 0.5 0.00122 1
0 0.76981 0.5 0.00122 1
0 0.79005 0.5 0.00122 1
0 0.81027 0.5 0.00122 1
0 0.82037 0.5 0.00126 1
0 0.83051 0.5 0.00126 1
0 0.84059 0.5 0.00126 1
0 0.85073 0.5 0.00126 1
0 0.86079 0.5 0.00126 1
0 0.87093 0.5 0.00126 1
0 0.88101 0.5 0.00126 1
0 0.89115 0.5 0.00126 1
0 0.91131 0.5 0.00126 1
0 0.92145 0.5 0.00126 1
0 0.93149 0.5 0.00126 1
0 0.94161 0.5 0.00126 1
0 0.95173 0.5 0.00126 1
0 0.96181 0.5 0.00126 1
0 0.97195 0.5 0.00126 1
0 0.98203 0.5 0.00126 1
0 0.99213 0.5 0.00126 1
