21 0.01098 0.5 0.00428 1
21 0.02006 0.5 0.00428 1
8 0.17627 0.5 0.00866 1
8 0.18306 0.5 0.00412 1
21 0.23039 0.5 0.04666 1
8 0.27926 0.5 0.03248 1
8 0.29983 0.5 0.00862 1
21 0.48672 0.5 0.007 1
21 0.49165 0.5 0.00226 1
21 0.57044 0.5 0.04 1
21 0.73349 0.5 0.00186 1
21 0.74756 0.5 0.00148 1
21 0.76624 0.5 0.0242 1
21 0.82886 0.5 0.10112 1
21 0.89222 0.5 0.02608 1
21 0.90898 0.5 0.00556 1
21 0.91317 0.5 0.00226 1
21 0.93061 0.5 0.00158 1
21 0.95737 0.5 0.02262 1
21 0.98463 0.5 0.0331 1
12 0.04153 0.5 0.00818 1
12 0.04878 0.5 0.0052 1
2 0.12327 0.5 0.00418 1
15 0.33815 0.5 0.00234 1
3 0.3493 0.5 0.01904 1
25 0.43234 0.5 0.00252 1
2 0.52138 0.5 0.04028 1
2 0.5459 0.5 0.0088 1
2 0.60094 0.5 0.00924 1
2 0.60913 0.5 0.0055 1
2 0.61429 0.5 0.00266 1
2 0.64103 0.5 0.01334 1
2 0.65667 0.5 0.01566 1
15 0.70607 0.5 0.00174 1
2 0.93856 0.5 0.01424 1
4 0.00756 0.5 0.00268 1
4 0.01664 0.5 0.00268 1
4 0.02752 0.5 0.00636 1
4 0.05256 0.5 0.00188 1
4 0.36442 0.5 0.00548 1
4 0.36843 0.5 0.0027 1
4 0.70249 0.5 0.0085 1
18 0.07934 0.5 0.00124 1
18 0.31709 0.5 0.00078 1
18 0.62582 0.5 0.00372 1
18 0.74493 0.5 0.00106 1
