8 0.15404 0.5 0.00576 1
8 0.19831 0.5 0.08274 1
8 0.24258 0.5 0.00576 1
21 0.30504 0.5 0.01588 1
21 0.31728 0.5 0.00656 1
8 0.34882 0.5 0.00176 1
8 0.4314 0.5 0.00448 1
21 0.7697 0.5 0.01068 1
21 0.78572 0.5 0.02144 1
21 0.82371 0.5 0.00094 1
21 0.83845 0.5 0.01958 1
21 0.86678 0.5 0.02744 1
21 0.96106 0.5 0.00328 1
21 0.96303 0.5 0.00082 1
21 0.96899 0.5 0.00914 1
21 0.97601 0.5 0.00322 1
21 0.99707 0.5 0.02054 1
5 0.27158 0.5 0.02252 1
2 0.4557 0.5 0.00168 1
2 0.57502 0.5 0.07944 1
2 0.64788 0.5 0.061 1
2 0.68322 0.5 0.00076 1
2 0.72376 0.5 0.0806 1
4 0.15017 0.5 0.00078 1
4 0.3219 0.5 0.0016 1
4 0.32592 0.5 0.00108 1
18 0.01607 0.5 0.00066 1
18 0.01844 0.5 0.00116 1
18 0.45721 0.5 0.00102 1
18 0.49523 0.5 0.00262 1
18 0.5166 0.5 0.00076 1
18 0.92584 0.5 0.00068 1
