0 0.01131 0.5 0.00126 1
0 0.02145 0.5 0.00126 1
0 0.03149 0.5 0.00126 1
0 0.04161 0.5 0.00126 1
0 0.05173 0.5 0.00126 1
0 0.06181 0.5 0.00126 1
0 0.07195 0.5 0.00126 1
0 0.08203 0.5 0.00126 1
0 0.09213 0.5 0.00126 1
0 0.10212 0.5 0.001 1
21 0.10351 0.5 0.00174 1
21 0.11132 0.5 0.014 1
21 0.13164 0.5 0.02664 1
21 0.19536 0.5 0.10128 1
21 0.25849 0.5 0.02498 1
0 0.28077 0.5 0.00126 1
0 0.29091 0.5 0.00126 1
0 0.30101 0.5 0.00126 1
0 0.31111 0.5 0.00126 1
0 0.31867 0.5 0.00126 1
0 0.32873 0.5 0.00126 1
0 0.33887 0.5 0.00126 1
0 0.34893 0.5 0.00126 1
0 0.35905 0.5 0.00126 1
0 0.36917 0.5 0.00126 1
0 0.37931 0.5 0.00126 1
0 0.38943 0.5 0.00126 1
0 0.39957 0.5 0.00126 1
0 0.40961 0.5 0.00126 1
0 0.41973 0.5 0.00126 1
0 0.42983 0.5 0.00126 1
0 0.43997 0.5 0.00126 1
0 0.45003 0.5 0.00126 1
0 0.46015 0.5 0.00126 1
0 0.47027 0.5 0.00126 1
0 0.48041 0.5 0.00126 1
0 0.49053 0.5 0.00126 1
0 0.50067 0.5 0.00126 1
0 0.51071 0.5 0.00126 1
0 0.52083 0.5 0.00126 1
0 0.53093 0.5 0.00126 1
0 0.54107 0.5 0.00126 1
0 0.55119 0.5 0.00126 1
0 0.56133 0.5 0.00126 1
0 0.57139 0.5 0.00126 1
0 0.58151 0.5 0.00126 1
0 0.59161 0.5 0.00126 1
0 0.60175 0.5 0.00126 1
0 0.61187 0.5 0.00126 1
0 0.62199 0.5 0.00126 1
0 0.63207 0.5 0.00126 1
0 0.64215 0.5 0.00126 1
0 0.65227 0.5 0.00126 1
0 0.66243 0.5 0.00126 1
0 0.67255 0.5 0.00126 1
0 0.68269 0.5 0.00126 1
0 0.69279 0.5 0.00126 1
0 0.70289 0.5 0.00126 1
0 0.71301 0.5 0.00126 1
0 0.72315 0.5 0.00126 1
0 0.73327 0.5 0.00126 1
0 0.74341 0.5 0.00126 1
0 0.75351 0.5 0.00126 1
0 0.77373 0.5 0.00126 1
0 0.78383 0.5 0.00126 1
0 0.80407 0.5 0.00126 1
0 0.82433 0.5 0.00122 1
0 0.84457 0.5 0.00122 1
0 0.86479 0.5 0.00122 1
0 0.87493 0.5 0.00122 1
0 0.89515 0.5 0.00126 1
0 0.90527 0.5 0.00126 1
0 0.91537 0.5 0.00126 1
0 0.92549 0.5 0.00126 1
0 0.94573 0.5 0.00122 1
0 0.96595 0.5 0.00126 1
0 0.98621 0.5 0.00126 1
0 0.99642 0.5 0.00156 1
