8 0.33983 0.5 0.0053 1
8 0.34582 0.5 0.00284 1
21 0.55998 0.5 0.00152 1
2 0.11384 0.5 0.01148 1
5 0.34383 0.5 0.00102 1
2 0.70774 0.5 0.00724 1
2 0.71645 0.5 0.00134 1
2 0.72164 0.5 0.00736 1
2 0.87332 0.5 0.00404 1
24 0.12238 0.5 0.00088 1
24 0.9835 0.5 0.00856 1
4 0.18624 0.5 0.01048 1
4 0.21762 0.5 0.0066 1
4 0.22268 0.5 0.0036 1
4 0.22616 0.5 0.00344 1
4 0.22965 0.5 0.00362 1
4 0.23314 0.5 0.00344 1
4 0.23663 0.5 0.00362 1
4 0.24008 0.5 0.00336 1
4 0.24444 0.5 0.00528 1
4 0.99571 0.5 0.0017 1
4 1.01001 0.5 0.02702 1
18 0.04315 0.5 0.00086 1
18 0.20324 0.5 0.00056 1
18 0.40454 0.5 0.00088 1
18 0.45591 0.5 0.00098 1
18 0.88516 0.5 0.00116 1
