21 0.01758 0.5 0.00652 1
21 0.02357 0.5 0.0017 1
21 0.05221 0.5 0.05554 1
21 0.1214 0.5 0.07168 1
21 0.16547 0.5 0.0069 1
21 0.20382 0.5 0.06976 1
21 0.25773 0.5 0.03098 1
21 0.28915 0.5 0.03026 1
21 0.35248 0.5 0.09636 1
21 0.4098 0.5 0.01836 1
21 0.42239 0.5 0.00678 1
21 0.42659 0.5 0.00206 1
21 0.43899 0.5 0.0235 1
8 0.96286 0.5 0.00376 1
8 0.96792 0.5 0.00688 1
2 0.45789 0.5 0.01426 1
2 0.47344 0.5 0.01196 1
2 0.48278 0.5 0.00232 1
2 0.50623 0.5 0.02238 1
2 0.52105 0.5 0.00114 1
2 0.52988 0.5 0.00196 1
2 0.53187 0.5 0.0019 1
2 0.54311 0.5 0.0177 1
2 0.5934 0.5 0.00608 1
2 0.5963 0.5 0.0004 1
2 0.59743 0.5 0.00182 1
2 0.60439 0.5 0.01206 1
2 0.6108 0.5 0.00072 1
5 0.61583 0.5 0.00222 1
24 0.73669 0.5 0.07454 1
4 0.68739 0.5 0.01134 1
4 0.97914 0.5 0.0028 1
4 0.98166 0.5 0.0038 1
4 0.98989 0.5 0.00118 1
4 0.99081 0.5 0.00154 1
4 0.99718 0.5 0.01208 1
18 0.49271 0.5 0.00118 1
18 0.61232 0.5 0.00124 1
