0 0.0088 0.5 0.00144 1
0 0.01906 0.5 0.00132 1
0 0.02915 0.5 0.00138 1
0 0.03904 0.5 0.00144 1
0 0.0488 0.5 0.00144 1
0 0.05909 0.5 0.00138 1
0 0.06881 0.5 0.00138 1
0 0.07887 0.5 0.00126 1
0 0.08895 0.5 0.00126 1
0 0.09864 0.5 0.00144 1
0 0.10836 0.5 0.00144 1
0 0.11817 0.5 0.00126 1
0 0.1278 0.5 0.00144 1
0 0.13759 0.5 0.00126 1
0 0.14731 0.5 0.00126 1
0 0.15694 0.5 0.00144 1
0 0.16673 0.5 0.00126 1
0 0.17645 0.5 0.00126 1
0 0.18663 0.5 0.00126 1
0 0.19673 0.5 0.00126 1
0 0.20632 0.5 0.00144 1
0 0.21648 0.5 0.00144 1
0 0.22676 0.5 0.00124 1
0 0.23642 0.5 0.00144 1
0 0.24665 0.5 0.00126 1
0 0.25628 0.5 0.00144 1
0 0.26645 0.5 0.00126 1
0 0.27607 0.5 0.00142 1
0 0.28627 0.5 0.00126 1
0 0.29599 0.5 0.00126 1
0 0.30562 0.5 0.00144 1
0 0.31579 0.5 0.00126 1
0 0.32542 0.5 0.00144 1
0 0.33559 0.5 0.00126 1
0 0.34521 0.5 0.00142 1
0 0.35541 0.5 0.00126 1
0 0.36511 0.5 0.00126 1
0 0.37474 0.5 0.00144 1
0 0.38491 0.5 0.00126 1
0 0.39454 0.5 0.00144 1
0 0.40477 0.5 0.00126 1
0 0.41446 0.5 0.00156 1
0 0.42463 0.5 0.00126 1
0 0.43408 0.5 0.00144 1
0 0.44425 0.5 0.00126 1
0 0.45388 0.5 0.00144 1
0 0.46411 0.5 0.00126 1
0 0.47376 0.5 0.00144 1
0 0.48398 0.5 0.00124 1
0 0.4936 0.5 0.00144 1
0 0.50382 0.5 0.00124 1
0 0.51344 0.5 0.00144 1
0 0.52367 0.5 0.00126 1
0 0.5333 0.5 0.00144 1
0 0.54353 0.5 0.00126 1
0 0.55318 0.5 0.00144 1
0 0.56341 0.5 0.00126 1
0 0.57304 0.5 0.00144 1
0 0.58327 0.5 0.00126 1
0 0.5929 0.5 0.00144 1
0 0.60313 0.5 0.00126 1
0 0.61287 0.5 0.00126 1
0 0.62252 0.5 0.00144 1
0 0.63273 0.5 0.00126 1
0 0.64236 0.5 0.00144 1
0 0.65257 0.5 0.00126 1
0 0.6622 0.5 0.00144 1
0 0.67241 0.5 0.00126 1
0 0.68204 0.5 0.00144 1
0 0.69223 0.5 0.00126 1
0 0.70186 0.5 0.00144 1
0 0.71198 0.5 0.00144 1
0 0.72219 0.5 0.00126 1
0 0.73182 0.5 0.00144 1
0 0.74203 0.5 0.00126 1
0 0.75166 0.5 0.00144 1
0 0.76187 0.5 0.00126 1
0 0.7715 0.5 0.00144 1
0 0.78162 0.5 0.00144 1
0 0.79185 0.5 0.00126 1
0 0.8015 0.5 0.00144 1
0 0.81171 0.5 0.00126 1
0 0.82134 0.5 0.00144 1
0 0.83155 0.5 0.00126 1
0 0.84118 0.5 0.00144 1
0 0.85137 0.5 0.00126 1
0 0.861 0.5 0.00144 1
0 0.87112 0.5 0.00144 1
0 0.88135 0.5 0.00126 1
0 0.891 0.5 0.00144 1
0 0.90111 0.5 0.00146 1
0 0.91084 0.5 0.00144 1
0 0.92096 0.5 0.00144 1
0 0.93117 0.5 0.00126 1
0 0.94082 0.5 0.00144 1
0 0.95095 0.5 0.00146 1
0 0.96068 0.5 0.00144 1
0 0.9708 0.5 0.00144 1
0 0.98092 0.5 0.00144 1
0 0.99103 0.5 0.00146 1
