21 0.00667 0.5 0.00218 1
21 0.02311 0.5 0.00538 1
21 0.03215 0.5 0.00106 1
21 0.03423 0.5 0.00246 1
21 0.044 0.5 0.00508 1
21 0.06548 0.5 0.00752 1
21 0.07464 0.5 0.0096 1
8 0.0925 0.5 0.00468 1
21 0.09916 0.5 0.0018 1
21 0.22126 0.5 0.00676 1
21 0.28157 0.5 0.09674 1
21 0.33328 0.5 0.00672 1
8 0.34801 0.5 0.01114 1
8 0.37542 0.5 0.04364 1
8 0.45548 0.5 0.11484 1
8 0.514 0.5 0.00216 1
21 0.5226 0.5 0.01464 1
21 0.53924 0.5 0.01912 1
21 0.5821 0.5 0.0666 1
21 0.62397 0.5 0.01722 1
8 0.6372 0.5 0.0092 1
21 0.72784 0.5 0.0076 1
21 0.75131 0.5 0.01958 1
21 0.77324 0.5 0.0136 1
21 0.78903 0.5 0.00234 1
21 0.81179 0.5 0.0277 1
8 0.82981 0.5 0.0083 1
21 0.85248 0.5 0.0368 1
21 0.87488 0.5 0.00856 1
21 0.89253 0.5 0.0249 1
21 0.91899 0.5 0.02554 1
21 0.9642 0.5 0.00408 1
21 0.97066 0.5 0.00996 1
2 0.12602 0.5 0.02472 1
2 0.15225 0.5 0.0009 1
13 0.15327 0.5 0.00102 1
2 0.18051 0.5 0.04082 1
25 0.20592 0.5 0.00948 1
2 0.95073 0.5 0.0033 1
2 0.95404 0.5 0.0022 1
20 0.71523 0.5 0.00046 1
20 0.71889 0.5 0.00266 1
4 0.93402 0.5 0.00248 1
4 0.94159 0.5 0.00838 1
