21 0.02783 0.5 0.02234 1
21 0.04333 0.5 0.00862 1
21 0.04929 0.5 0.0031 1
21 0.07187 0.5 0.04202 1
21 0.09947 0.5 0.0063 1
25 0.11206 0.5 0.00492 1
25 0.1321 0.5 0.00232 1
25 0.15134 0.5 0.0076 1
25 0.16364 0.5 0.00492 1
25 0.17685 0.5 0.0033 1
25 0.20232 0.5 0.00704 1
25 0.21419 0.5 0.00502 1
25 0.22786 0.5 0.00344 1
25 0.23447 0.5 0.00218 1
11 0.23507 0.5 0.00126 1
25 0.25275 0.5 0.0051 1
25 0.26385 0.5 0.0047 1
25 0.27724 0.5 0.00496 1
25 0.30326 0.5 0.00756 1
25 0.31531 0.5 0.0047 1
25 0.32831 0.5 0.00418 1
11 0.32882 0.5 0.0046 1
25 0.3547 0.5 0.00756 1
25 0.36675 0.5 0.0047 1
25 0.38014 0.5 0.00496 1
25 0.40616 0.5 0.00756 1
25 0.41821 0.5 0.0047 1
25 0.4316 0.5 0.00496 1
25 0.45744 0.5 0.00736 1
25 0.46967 0.5 0.0047 1
25 0.48306 0.5 0.00496 1
25 0.50883 0.5 0.00722 1
25 0.52088 0.5 0.00452 1
25 0.53426 0.5 0.00372 1
25 0.55898 0.5 0.00664 1
25 0.57091 0.5 0.00502 1
25 0.58414 0.5 0.00432 1
25 0.59126 0.5 0.00232 1
25 0.60787 0.5 0.00362 1
25 0.61821 0.5 0.00502 1
25 0.63155 0.5 0.00454 1
25 0.63861 0.5 0.00242 1
25 0.65803 0.5 0.00786 1
25 0.66859 0.5 0.00142 1
25 0.67801 0.5 0.00798 1
25 0.69053 0.5 0.0047 1
25 0.70008 0.5 0.0044 1
25 0.70716 0.5 0.00256 1
25 0.72624 0.5 0.00736 1
25 0.73823 0.5 0.0045 1
25 0.75139 0.5 0.0033 1
25 0.75794 0.5 0.0012 1
25 0.77617 0.5 0.0073 1
25 0.78854 0.5 0.00464 1
25 0.79718 0.5 0.0046 1
25 0.80444 0.5 0.00232 1
25 0.8232 0.5 0.0068 1
25 0.83504 0.5 0.00452 1
25 0.84824 0.5 0.00336 1
25 0.87332 0.5 0.00736 1
25 0.88547 0.5 0.00486 1
25 0.89919 0.5 0.00366 1
25 0.90569 0.5 0.00218 1
11 0.90629 0.5 0.00126 1
25 0.92447 0.5 0.00738 1
25 0.93662 0.5 0.00484 1
25 0.95235 0.5 0.00218 1
11 0.95295 0.5 0.00126 1
25 0.97165 0.5 0.00778 1
25 0.98371 0.5 0.0045 1
25 0.9975 0.5 0.00456 1
18 0.12516 0.5 0.00392 1
18 0.14108 0.5 0.00084 1
18 0.24352 0.5 0.00084 1
18 0.293 0.5 0.00084 1
18 0.3959 0.5 0.00084 1
18 0.44736 0.5 0.00084 1
18 0.59934 0.5 0.00084 1
18 0.6477 0.5 0.00084 1
18 0.71612 0.5 0.00084 1
18 0.76646 0.5 0.00084 1
18 0.86328 0.5 0.00084 1
18 0.89696 0.5 0.00076 1
18 0.91472 0.5 0.00084 1
18 0.94534 0.5 0.0042 1
18 0.96138 0.5 0.00084 1
