16 0.12568 0.5 0.01588 1
13 0.14133 0.5 0.0139 1
15 0.1496 0.5 0.00112 1
2 0.17761 0.5 0.01834 1
2 0.27437 0.5 0.12682 1
2 0.34757 0.5 0.01894 1
2 0.36298 0.5 0.01228 1
2 0.42969 0.5 0.12038 1
13 0.5893 0.5 0.01488 1
13 0.64599 0.5 0.01054 1
25 0.74203 0.5 0.00094 1
25 0.74406 0.5 0.00232 1
2 0.9089 0.5 0.00216 1
2 0.95073 0.5 0.00606 1
2 0.95932 0.5 0.00268 1
2 0.96448 0.5 0.00532 1
24 0.98036 0.5 0.001 1
4 0.03305 0.5 0.0165 1
4 0.05884 0.5 0.0074 1
4 0.06718 0.5 0.00428 1
4 0.08339 0.5 0.02794 1
4 0.10956 0.5 0.00212 1
4 0.1126 0.5 0.00312 1
4 0.15029 0.5 0.00022 1
4 0.16341 0.5 0.00298 1
4 0.50759 0.5 0.00074 1
4 0.91328 0.5 0.00612 1
4 0.9317 0.5 0.00492 1
4 0.94594 0.5 0.00344 1
18 0.01463 0.5 0.00082 1
18 0.01593 0.5 0.0005 1
18 0.05284 0.5 0.00092 1
18 0.10215 0.5 0.00122 1
18 0.10631 0.5 0.00034 1
18 0.67307 0.5 0.00098 1
18 0.69874 0.5 0.00096 1
18 0.79237 0.5 0.0007 1
