8 0.31106 0.5 0.00744 1
8 0.35816 0.5 0.08672 1
8 0.40526 0.5 0.00744 1
10 0.09567 0.5 0.00166 1
3 0.16344 0.5 0.00268 1
6 0.21899 0.5 0.00498 1
15 0.43442 0.5 0.00172 1
6 0.44687 0.5 0.00502 1
13 0.51468 0.5 0.00784 1
15 0.53218 0.5 0.00324 1
24 0.46283 0.5 0.00206 1
1 0.47072 0.5 0.00564 1
4 0.12568 0.5 0.006 1
18 0.21039 0.5 0.00122 1
18 0.25362 0.5 0.001 1
18 0.27988 0.5 0.00156 1
18 0.28218 0.5 0.00076 1
18 0.43071 0.5 0.00078 1
18 0.4378 0.5 0.00204 1
18 0.80616 0.5 0.00076 1
18 0.82741 0.5 0.00034 1
