0 0.8254 0.5 0.00192 1
21 0.84896 0.5 0.03204 1
8 0.92081 0.5 0.00846 1
0 0.93409 0.5 0.0067 1
0 0.93852 0.5 0.00216 1
0 0.94175 0.5 0.00422 1
8 0.9849 0.5 0.0014 1
15 0.39274 0.5 0.00296 1
2 0.49997 0.5 0.00186 1
2 0.60934 0.5 0.04504 1
15 0.66813 0.5 0.00354 1
13 0.80788 0.5 0.00152 1
13 0.8188 0.5 0.00172 1
15 0.8772 0.5 0.00232 1
15 0.89583 0.5 0.00418 1
13 0.96776 0.5 0.01016 1
24 0.58569 0.5 0.0015 1
24 0.75932 0.5 0.00176 1
24 0.76693 0.5 0.00182 1
24 0.83078 0.5 0.00248 1
24 0.86544 0.5 0.00088 1
24 0.95686 0.5 0.0062 1
4 0.00884 0.5 0.01744 1
4 0.01863 0.5 0.00206 1
4 0.04954 0.5 0.00796 1
4 0.06732 0.5 0.00532 1
4 0.07244 0.5 0.00572 1
4 0.07998 0.5 0.00804 1
4 0.09644 0.5 0.01216 1
4 0.18987 0.5 0.00342 1
4 0.21318 0.5 0.02248 1
4 0.77127 0.5 0.00674 1
18 0.38709 0.5 0.00114 1
18 0.57403 0.5 0.00098 1
18 0.67807 0.5 0.00142 1
18 0.92589 0.5 0.00106 1
