0 0.19598 0.5 0.007 1
21 0.25771 0.5 0.03158 1
21 0.29 0.5 0.03296 1
21 0.31226 0.5 0.0056 1
21 0.32635 0.5 0.00074 1
21 0.39016 0.5 0.01032 1
21 0.41059 0.5 0.0305 1
21 0.48393 0.5 0.02962 1
21 0.56878 0.5 0.14064 1
21 0.64103 0.5 0.00382 1
21 0.72675 0.5 0.0045 1
21 0.76966 0.5 0.00228 1
21 0.81648 0.5 0.01068 1
21 0.82758 0.5 0.01052 1
21 0.86771 0.5 0.00074 1
21 0.88226 0.5 0.01888 1
21 0.90382 0.5 0.00344 1
21 0.9228 0.5 0.03312 1
21 0.95516 0.5 0.02944 1
21 0.98051 0.5 0.02122 1
21 0.99603 0.5 0.0103 1
2 0.21038 0.5 0.01556 1
2 0.23097 0.5 0.02186 1
11 0.4277 0.5 0.00368 1
11 0.44694 0.5 0.00144 1
11 0.46687 0.5 0.00446 1
15 0.64805 0.5 0.01018 1
15 0.68963 0.5 0.0697 1
2 0.74875 0.5 0.03946 1
