21 0.01319 0.5 0.0011 1
21 0.05379 0.5 0.0023 1
21 0.36044 0.5 0.02292 1
21 0.42362 0.5 0.10332 1
21 0.48726 0.5 0.02384 1
21 0.53041 0.5 0.06242 1
21 0.57176 0.5 0.02156 1
21 0.80853 0.5 0.02302 1
21 0.82435 0.5 0.00858 1
21 0.84708 0.5 0.03684 1
21 0.86674 0.5 0.0022 1
21 0.96805 0.5 0.20038 1
2 0.12862 0.5 0.09368 1
2 0.18071 0.5 0.01006 1
2 0.18936 0.5 0.00356 1
2 0.21721 0.5 0.05214 1
2 0.25645 0.5 0.01182 1
2 0.27877 0.5 0.01702 1
2 0.2905 0.5 0.00452 1
2 0.30928 0.5 0.00464 1
2 0.33614 0.5 0.02564 1
2 0.59409 0.5 0.02298 1
2 0.61683 0.5 0.0225 1
2 0.63044 0.5 0.00304 1
2 0.63546 0.5 0.00708 1
2 0.67114 0.5 0.06412 1
11 0.70635 0.5 0.00486 1
2 0.73213 0.5 0.01458 1
2 0.78233 0.5 0.02874 1
