15 0.2146 0.5 0.00856 1
2 0.28145 0.5 0.0035 1
25 0.81062 0.5 0.00028 1
25 0.81181 0.5 0.00074 1
25 0.91323 0.5 0.00834 1
25 0.9231 0.5 0.00768 1
13 0.96676 0.5 0.00108 1
24 0.45053 0.5 0.00794 1
24 0.67206 0.5 0.00456 1
24 0.93936 0.5 0.00124 1
4 0.27258 0.5 0.0024 1
4 0.27782 0.5 0.0026 1
4 0.28694 0.5 0.00696 1
4 0.30775 0.5 0.01338 1
4 0.55526 0.5 0.01732 1
4 0.64257 0.5 0.0149 1
4 0.65757 0.5 0.01506 1
4 0.84739 0.5 0.0093 1
4 0.96145 0.5 0.0073 1
18 0.14276 0.5 0.00092 1
18 0.22431 0.5 0.00082 1
18 0.37608 0.5 0.00132 1
18 0.43228 0.5 0.0008 1
18 0.68768 0.5 0.00072 1
