21 0.56514 0.5 0.00216 1
21 0.56912 0.5 0.00196 1
21 0.57475 0.5 0.00086 1
21 0.57645 0.5 0.00162 1
21 0.59526 0.5 0.00344 1
21 0.60227 0.5 0.00418 1
21 0.68688 0.5 0.00116 1
21 0.69112 0.5 0.0044 1
21 0.70138 0.5 0.01608 1
21 0.71423 0.5 0.00958 1
21 0.81761 0.5 0.01022 1
21 0.95822 0.5 0.01208 1
21 1.0021 0.5 0.06296 1
2 0.56985 0.5 0.00086 1
24 0.87917 0.5 0.0533 1
4 0.00314 0.5 0.00424 1
4 0.0683 0.5 0.00424 1
4 0.13347 0.5 0.00426 1
4 0.19869 0.5 0.00426 1
4 0.2639 0.5 0.00424 1
4 0.32906 0.5 0.00424 1
4 0.39418 0.5 0.00424 1
4 0.45936 0.5 0.00424 1
4 0.62702 0.5 0.00424 1
