2 0.42373 0.5 0.00678 1
2 0.60477 0.5 0.00246 1
2 0.89623 0.5 0.0015 1
13 0.95263 0.5 0.00182 1
24 0.20442 0.5 0.00112 1
24 0.55854 0.5 0.00252 1
23 0.90184 0.5 0.00728 1
4 0.15526 0.5 0.00264 1
4 0.36825 0.5 0.02086 1
4 0.54211 0.5 0.01034 1
4 0.55339 0.5 0.0119 1
4 0.56519 0.5 0.01166 1
4 0.62665 0.5 0.00318 1
4 0.63622 0.5 0.01484 1
4 0.64681 0.5 0.00282 1
18 0.17377 0.5 0.00078 1
18 0.22465 0.5 0.00058 1
18 0.23324 0.5 0.00132 1
18 0.43513 0.5 0.00058 1
18 0.43998 0.5 0.0006 1
18 0.61342 0.5 0.00064 1
18 0.68681 0.5 0.00074 1
18 0.87703 0.5 0.00074 1
