8 0.24653 0.5 0.00198 1
8 0.65183 0.5 0.0063 1
13 0.01845 0.5 0.00186 1
13 0.02637 0.5 0.00322 1
25 0.03055 0.5 0.00274 1
25 0.04438 0.5 0.00724 1
15 0.25021 0.5 0.00226 1
5 0.36084 0.5 0.00624 1
2 0.58947 0.5 0.04862 1
25 0.68086 0.5 0.00556 1
2 0.68163 0.5 0.0033 1
13 0.93445 0.5 0.01018 1
23 0.51358 0.5 0.00512 1
24 0.84828 0.5 0.01808 1
4 0.56161 0.5 0.00706 1
4 0.61743 0.5 0.00722 1
18 0.02432 0.5 0.0008 1
18 0.25622 0.5 0.00064 1
18 0.2594 0.5 0.00064 1
18 0.51836 0.5 0.00052 1
18 0.69091 0.5 0.00086 1
18 0.81304 0.5 0.00156 1
18 0.81732 0.5 0.0016 1
