21 0.30309 0.5 0.0071 1
21 0.62532 0.5 0.0232 1
21 0.67208 0.5 0.071 1
21 0.71056 0.5 0.006 1
21 0.7188 0.5 0.01056 1
21 0.86621 0.5 0.00122 1
21 0.896 0.5 0.05832 1
21 0.97014 0.5 0.09052 1
11 0.34622 0.5 0.00492 1
11 0.37554 0.5 0.03104 1
11 0.39517 0.5 0.0037 1
2 0.55288 0.5 0.01344 1
2 0.5836 0.5 0.04036 1
2 0.86377 0.5 0.00514 1
24 0.18891 0.5 0.00502 1
24 0.28501 0.5 0.00218 1
24 0.73971 0.5 0.00586 1
24 0.74907 0.5 0.00522 1
4 0.16565 0.5 0.00354 1
4 0.19066 0.5 0.00728 1
4 0.19612 0.5 0.001 1
4 0.20514 0.5 0.00064 1
4 0.21565 0.5 0.01622 1
4 0.22889 0.5 0.0015 1
4 0.2641 0.5 0.00488 1
4 0.27629 0.5 0.0191 1
4 0.33262 0.5 0.00096 1
4 0.33693 0.5 0.00198 1
4 0.40195 0.5 0.00394 1
4 0.41594 0.5 0.00624 1
4 0.43279 0.5 0.0075 1
4 0.54651 0.5 0.0017 1
4 0.61057 0.5 0.00626 1
4 0.72669 0.5 0.00526 1
4 0.73092 0.5 0.00312 1
4 0.82617 0.5 0.06606 1
4 0.85968 0.5 0.00108 1
4 0.86559 0.5 0.00194 1
18 0.12979 0.5 0.00066 1
18 0.14488 0.5 0.00072 1
18 0.28689 0.5 0.00086 1
18 0.33144 0.5 0.00084 1
18 0.45442 0.5 0.00072 1
