21 0.0879 0.5 0.02988 1
21 0.10467 0.5 0.00362 1
8 0.14616 0.5 0.00336 1
21 0.54326 0.5 0.01556 1
21 0.72885 0.5 0.02342 1
21 0.78202 0.5 0.04592 1
21 0.81129 0.5 0.01046 1
21 0.82451 0.5 0.01566 1
21 0.84474 0.5 0.0252 1
8 0.85716 0.5 0.001 1
21 0.97713 0.5 0.02154 1
21 0.99229 0.5 0.00926 1
11 0.12545 0.5 0.0379 1
11 0.17754 0.5 0.05936 1
11 0.2243 0.5 0.00164 1
11 0.2744 0.5 0.00296 1
11 0.3614 0.5 0.00296 1
11 0.44842 0.5 0.00296 1
10 0.61868 0.5 0.0022 1
24 0.60888 0.5 0.01372 1
24 0.63071 0.5 0.01438 1
24 0.64871 0.5 0.02038 1
24 0.66414 0.5 0.00992 1
24 0.67403 0.5 0.00382 1
4 0.67983 0.5 0.00114 1
4 0.69652 0.5 0.00236 1
4 0.70495 0.5 0.01074 1
4 0.71444 0.5 0.00536 1
4 0.74098 0.5 0.00076 1
4 0.75101 0.5 0.01554 1
4 0.90798 0.5 0.00284 1
4 0.93716 0.5 0.03148 1
4 0.95906 0.5 0.01312 1
18 0.58243 0.5 0.0013 1
18 0.8952 0.5 0.00144 1
