21 0.07014 0.5 0.09052 1
21 0.13704 0.5 0.03724 1
21 0.15815 0.5 0.00246 1
21 0.16445 0.5 0.0101 1
21 0.24627 0.5 0.0023 1
21 0.26714 0.5 0.03904 1
21 0.29798 0.5 0.0226 1
8 0.35501 0.5 0.00326 1
8 0.35987 0.5 0.0069 1
21 0.39707 0.5 0.0031 1
21 0.44215 0.5 0.02262 1
21 0.46353 0.5 0.0201 1
21 0.49507 0.5 0.04306 1
21 0.52704 0.5 0.02104 1
21 0.54449 0.5 0.01066 1
21 0.54991 0.5 0.00102 1
21 0.56604 0.5 0.03124 1
21 0.59248 0.5 0.02292 1
21 0.88625 0.5 0.0237 1
21 0.90634 0.5 0.01644 1
21 0.91869 0.5 0.00566 1
21 0.92225 0.5 0.00102 1
21 0.92247 0.5 0.0011 1
21 0.95421 0.5 0.05998 1
21 0.9947 0.5 0.02096 1
11 0.21511 0.5 0.01782 1
11 0.23586 0.5 0.0154 1
24 0.18682 0.5 0.00112 1
24 0.41454 0.5 0.01024 1
24 0.42796 0.5 0.00572 1
24 0.6131 0.5 0.01828 1
24 0.63111 0.5 0.01782 1
24 0.72636 0.5 0.00104 1
4 0.36379 0.5 0.00102 1
4 0.37434 0.5 0.02076 1
4 0.64445 0.5 0.00106 1
4 0.65085 0.5 0.00158 1
4 0.67999 0.5 0.01142 1
4 0.70622 0.5 0.04108 1
4 0.73129 0.5 0.00946 1
4 0.80586 0.5 0.13704 1
18 0.64326 0.5 0.00084 1
