8 0.43131 0.5 0.00198 1
8 0.71869 0.5 0.00174 1
21 0.77016 0.5 0.00116 1
21 0.82499 0.5 0.04042 1
21 0.85496 0.5 0.01948 1
21 0.88449 0.5 0.04042 1
21 0.91446 0.5 0.01948 1
21 0.94399 0.5 0.04042 1
2 0.04766 0.5 0.07292 1
2 0.15225 0.5 0.00126 1
2 0.2408 0.5 0.00336 1
2 0.2443 0.5 0.0038 1
2 0.31359 0.5 0.00294 1
2 0.31422 0.5 0.0024 1
2 0.31894 0.5 0.0028 1
5 0.33416 0.5 0.0004 1
3 0.34022 0.5 0.01168 1
3 0.34185 0.5 0.01138 1
5 0.34767 0.5 0.00022 1
16 0.41588 0.5 0.0142 1
2 0.56207 0.5 0.03046 1
2 0.59777 0.5 0.00238 1
2 0.60759 0.5 0.01518 1
2 0.64844 0.5 0.05928 1
15 0.69086 0.5 0.00948 1
5 0.73747 0.5 0.00154 1
5 0.74205 0.5 0.00206 1
5 0.97008 0.5 0.00208 1
2 0.99957 0.5 0.00358 1
24 0.10344 0.5 0.00176 1
24 0.37795 0.5 0.00586 1
4 0.00653 0.5 0.0093 1
4 0.08662 0.5 0.00496 1
4 0.096 0.5 0.01304 1
4 0.11038 0.5 0.00508 1
4 0.14243 0.5 0.01046 1
18 0.26834 0.5 0.00128 1
18 0.30422 0.5 0.00076 1
18 0.58283 0.5 0.00142 1
18 0.75106 0.5 0.00056 1
