0 0.00159 0.5 0.00126 1
0 0.01155 0.5 0.00126 1
0 0.02151 0.5 0.00126 1
0 0.03149 0.5 0.00126 1
0 0.04145 0.5 0.00126 1
0 0.05143 0.5 0.00126 1
0 0.06139 0.5 0.00126 1
0 0.07135 0.5 0.00126 1
0 0.08133 0.5 0.00126 1
0 0.09129 0.5 0.00126 1
0 0.10125 0.5 0.00126 1
0 0.11123 0.5 0.00126 1
0 0.12119 0.5 0.00126 1
0 0.13115 0.5 0.00126 1
0 0.14113 0.5 0.00126 1
0 0.15111 0.5 0.00126 1
0 0.16107 0.5 0.00126 1
0 0.17103 0.5 0.00126 1
0 0.18101 0.5 0.00126 1
0 0.19097 0.5 0.00126 1
0 0.20095 0.5 0.00126 1
0 0.21091 0.5 0.00126 1
0 0.22087 0.5 0.00126 1
0 0.23087 0.5 0.00126 1
0 0.24083 0.5 0.00126 1
0 0.25079 0.5 0.00126 1
0 0.26077 0.5 0.00126 1
0 0.27073 0.5 0.00126 1
0 0.28069 0.5 0.00126 1
0 0.29067 0.5 0.00126 1
0 0.30065 0.5 0.00126 1
0 0.31061 0.5 0.00126 1
0 0.32057 0.5 0.00126 1
0 0.33053 0.5 0.00126 1
0 0.34049 0.5 0.00126 1
0 0.35045 0.5 0.00126 1
0 0.36041 0.5 0.00126 1
0 0.37037 0.5 0.00126 1
0 0.38035 0.5 0.00126 1
0 0.39039 0.5 0.00138 1
0 0.40029 0.5 0.00126 1
0 0.41027 0.5 0.00126 1
0 0.42025 0.5 0.00126 1
0 0.43023 0.5 0.00126 1
0 0.44021 0.5 0.00126 1
0 0.45019 0.5 0.00126 1
0 0.46015 0.5 0.00126 1
0 0.47011 0.5 0.00126 1
0 0.48005 0.5 0.00126 1
0 0.49003 0.5 0.00126 1
0 0.49997 0.5 0.00126 1
0 0.50995 0.5 0.00126 1
0 0.51991 0.5 0.00126 1
0 0.52987 0.5 0.00126 1
0 0.53981 0.5 0.00126 1
0 0.54977 0.5 0.00126 1
0 0.55971 0.5 0.00126 1
0 0.56969 0.5 0.00126 1
0 0.57963 0.5 0.00126 1
0 0.58961 0.5 0.00126 1
0 0.59957 0.5 0.00126 1
0 0.60951 0.5 0.00126 1
0 0.61949 0.5 0.00126 1
0 0.62945 0.5 0.00126 1
0 0.63941 0.5 0.00126 1
0 0.64937 0.5 0.00126 1
0 0.65933 0.5 0.00126 1
0 0.66929 0.5 0.00126 1
0 0.67925 0.5 0.00126 1
0 0.68921 0.5 0.00126 1
0 0.69919 0.5 0.00126 1
0 0.70915 0.5 0.00126 1
0 0.71911 0.5 0.00126 1
0 0.72907 0.5 0.00126 1
0 0.73901 0.5 0.00126 1
0 0.74897 0.5 0.00126 1
0 0.75893 0.5 0.00126 1
0 0.76889 0.5 0.00126 1
0 0.77887 0.5 0.00126 1
0 0.78883 0.5 0.00126 1
0 0.79879 0.5 0.00126 1
0 0.80875 0.5 0.00126 1
0 0.81869 0.5 0.00126 1
0 0.82867 0.5 0.00126 1
0 0.83863 0.5 0.00126 1
0 0.84859 0.5 0.00126 1
0 0.85855 0.5 0.00126 1
0 0.86853 0.5 0.00126 1
0 0.87851 0.5 0.00126 1
0 0.88847 0.5 0.00126 1
0 0.89843 0.5 0.00126 1
0 0.90841 0.5 0.00126 1
0 0.91839 0.5 0.00126 1
0 0.92835 0.5 0.00126 1
0 0.93831 0.5 0.00126 1
0 0.94825 0.5 0.00126 1
0 0.95821 0.5 0.00126 1
0 0.96815 0.5 0.00126 1
0 0.97813 0.5 0.00126 1
0 0.98807 0.5 0.00126 1
0 0.99803 0.5 0.00126 1
