21 0.26762 0.5 0.00464 1
12 0.19361 0.5 0.00618 1
12 0.23148 0.5 0.00344 1
2 0.28986 0.5 0.0024 1
2 0.29147 0.5 0.00146 1
15 0.47762 0.5 0.00972 1
2 0.54134 0.5 0.00628 1
25 0.58334 0.5 0.004 1
25 0.62199 0.5 0.0039 1
25 0.65621 0.5 0.0159 1
25 0.66656 0.5 0.00712 1
3 0.95748 0.5 0.00784 1
4 0.20233 0.5 0.01138 1
4 0.21124 0.5 0.00608 1
4 0.22209 0.5 0.01534 1
4 0.95126 0.5 0.00472 1
18 0.03922 0.5 0.00088 1
18 0.18314 0.5 0.00128 1
18 0.3948 0.5 0.00056 1
18 0.62651 0.5 0.00086 1
18 0.96994 0.5 0.00108 1
