21 0.46783 0.5 0.0093 1
21 0.4801 0.5 0.013 1
21 0.48815 0.5 0.00226 1
21 0.49138 0.5 0.00408 1
21 0.50435 0.5 0.02138 1
21 0.52642 0.5 0.02392 1
21 0.54469 0.5 0.01258 1
21 0.55883 0.5 0.01566 1
21 0.56723 0.5 0.00106 1
21 0.68844 0.5 0.02396 1
21 0.7074 0.5 0.01392 1
21 0.71822 0.5 0.00696 1
21 0.7267 0.5 0.00996 1
21 0.75003 0.5 0.0331 1
21 0.77794 0.5 0.02388 1
2 0.03217 0.5 0.00142 1
2 0.14468 0.5 0.00744 1
25 0.28364 0.5 0.00364 1
25 0.28884 0.5 0.0052 1
25 0.29695 0.5 0.00826 1
3 0.33774 0.5 0.00516 1
6 0.34883 0.5 0.0049 1
11 0.45936 0.5 0.00784 1
2 0.59833 0.5 0.00658 1
2 0.83609 0.5 0.01474 1
2 0.85462 0.5 0.00624 1
3 0.86732 0.5 0.01912 1
24 0.16124 0.5 0.00224 1
24 0.32918 0.5 0.01188 1
1 0.44135 0.5 0.00606 1
4 0.12224 0.5 0.00868 1
4 0.15734 0.5 0.00148 1
4 0.84759 0.5 0.00774 1
4 0.93305 0.5 0.0165 1
4 0.95884 0.5 0.0074 1
4 0.96718 0.5 0.00428 1
4 0.98339 0.5 0.02794 1
18 0.25521 0.5 0.00082 1
18 0.91463 0.5 0.00082 1
18 0.91593 0.5 0.0005 1
18 0.95284 0.5 0.00092 1
