21 1.00676 0.5 0.02464 1
2 0.05981 0.5 0.00286 1
2 0.06274 0.5 0.003 1
2 0.07179 0.5 0.00514 1
2 0.0932 0.5 0.0372 1
11 0.14361 0.5 0.06398 1
2 0.1764 0.5 0.00144 1
2 0.18453 0.5 0.01514 1
2 0.19411 0.5 0.00498 1
16 0.2022 0.5 0.0082 1
15 0.21408 0.5 0.00676 1
15 0.23449 0.5 0.0229 1
16 0.27596 0.5 0.00572 1
2 0.29959 0.5 0.00158 1
2 0.35335 0.5 0.0003 1
2 0.36506 0.5 0.02308 1
2 0.37949 0.5 0.00574 1
2 0.38949 0.5 0.00162 1
2 0.39256 0.5 0.00448 1
2 0.41144 0.5 0.00528 1
2 0.41528 0.5 0.00236 1
2 0.41787 0.5 0.0045 1
2 0.46454 0.5 0.012 1
2 0.472 0.5 0.00328 1
2 0.47751 0.5 0.00814 1
2 0.86268 0.5 0.00676 1
2 0.88509 0.5 0.01578 1
2 0.89708 0.5 0.00176 1
2 0.90145 0.5 0.0021 1
25 0.90978 0.5 0.00396 1
2 0.93257 0.5 0.0041 1
15 0.97596 0.5 0.00512 1
15 0.98969 0.5 0.00762 1
24 0.59335 0.5 0.00338 1
24 0.74297 0.5 0.00138 1
4 0.38662 0.5 0.00728 1
4 0.41569 0.5 0.00266 1
18 0.44452 0.5 0.00092 1
18 0.73481 0.5 0.00134 1
