8 0.15794 0.5 0.0062 1
8 0.45161 0.5 0.00302 1
13 0.08138 0.5 0.0008 1
13 0.08299 0.5 0.0009 1
13 0.08877 0.5 0.00342 1
13 0.09221 0.5 0.00418 1
13 0.09914 0.5 0.00376 1
25 0.10325 0.5 0.00178 1
6 0.14068 0.5 0.00244 1
15 0.32569 0.5 0.00118 1
25 0.36717 0.5 0.00342 1
25 0.43351 0.5 0.00782 1
2 0.46347 0.5 0.00186 1
3 0.49919 0.5 0.01978 1
2 0.6621 0.5 0.0018 1
24 0.42001 0.5 0.00886 1
24 0.72302 0.5 0.00092 1
4 0.24393 0.5 0.00214 1
4 0.47678 0.5 0.00216 1
4 0.47991 0.5 0.00254 1
4 0.48462 0.5 0.00632 1
4 0.83844 0.5 0.0168 1
18 0.03361 0.5 0.00086 1
18 0.1204 0.5 0.0008 1
18 0.18316 0.5 0.00084 1
18 0.51266 0.5 0.00192 1
18 0.7102 0.5 0.00108 1
18 0.8949 0.5 0.00068 1
