8 0.76473 0.5 0.00262 1
21 0.92938 0.5 0.02304 1
21 0.94363 0.5 0.00542 1
21 0.9924 0.5 0.091 1
25 0.28501 0.5 0.00266 1
2 0.45345 0.5 0.01874 1
5 0.46809 0.5 0.00154 1
2 0.47523 0.5 0.00378 1
2 0.48026 0.5 0.0034 1
2 0.48494 0.5 0.00092 1
2 0.49824 0.5 0.00472 1
15 0.76833 0.5 0.00366 1
5 0.77507 0.5 0.0065 1
2 0.81444 0.5 0.01552 1
2 0.82783 0.5 0.01134 1
2 0.83456 0.5 0.00208 1
2 0.84289 0.5 0.0143 1
2 0.85329 0.5 0.00246 1
2 0.85581 0.5 0.0021 1
2 0.85843 0.5 0.00194 1
4 0.52425 0.5 0.00126 1
4 0.88978 0.5 0.05612 1
18 0.46693 0.5 0.00074 1
18 0.50394 0.5 0.00244 1
18 0.52585 0.5 0.00126 1
18 0.54671 0.5 0.00098 1
18 0.56506 0.5 0.00068 1
