21 0.21614 0.5 0.0016 1
21 0.87055 0.5 0.03642 1
5 0.02141 0.5 0.01958 1
5 0.05865 0.5 0.03014 1
2 0.08478 0.5 0.02208 1
2 0.09677 0.5 0.0027 1
2 0.10433 0.5 0.00406 1
2 0.15623 0.5 0.00074 1
2 0.16282 0.5 0.0124 1
2 0.34161 0.5 0.00174 1
2 0.34406 0.5 0.00624 1
2 0.39349 0.5 0.00106 1
6 0.47442 0.5 0.0044 1
5 0.76097 0.5 0.00366 1
5 0.79594 0.5 0.0046 1
2 0.82242 0.5 0.04 1
25 0.90602 0.5 0.00148 1
25 0.91005 0.5 0.0057 1
5 0.92035 0.5 0.0093 1
24 0.19424 0.5 0.00196 1
24 0.60582 0.5 0.0028 1
24 0.60789 0.5 0.00254 1
24 0.63787 0.5 0.00554 1
1 0.45306 0.5 0.00144 1
4 0.12464 0.5 0.00216 1
4 0.1502 0.5 0.0012 1
18 0.10959 0.5 0.00058 1
18 0.12736 0.5 0.00132 1
18 0.18701 0.5 0.00118 1
18 0.22898 0.5 0.00084 1
18 0.3693 0.5 0.0012 1
18 0.4079 0.5 0.00076 1
18 0.42923 0.5 0.00054 1
