21 0.05162 0.5 0.00528 1
8 0.20421 0.5 0.00322 1
8 0.25388 0.5 0.09608 1
8 0.30347 0.5 0.00306 1
21 0.36163 0.5 0.00842 1
21 0.36699 0.5 0.00114 1
21 0.37194 0.5 0.00576 1
21 0.39354 0.5 0.00604 1
21 0.412 0.5 0.00828 1
21 0.41962 0.5 0.00688 1
21 0.5978 0.5 0.01652 1
21 0.61056 0.5 0.00668 1
21 0.71423 0.5 0.00506 1
21 0.71978 0.5 0.0058 1
21 0.79793 0.5 0.00394 1
21 0.81204 0.5 0.02416 1
21 0.88895 0.5 0.00238 1
21 0.89055 0.5 0.00078 1
21 0.90744 0.5 0.02648 1
0 0.94103 0.5 0.0055 1
2 0.09958 0.5 0.00356 1
2 0.10504 0.5 0.00656 1
2 0.32496 0.5 0.00128 1
2 0.3355 0.5 0.01892 1
2 0.5244 0.5 0.00384 1
2 0.54362 0.5 0.02608 1
2 0.56978 0.5 0.02148 1
2 0.62857 0.5 0.01434 1
2 0.64261 0.5 0.01054 1
2 0.65223 0.5 0.00338 1
2 0.65962 0.5 0.00244 1
2 0.66685 0.5 0.0037 1
2 0.67875 0.5 0.0173 1
2 0.70923 0.5 0.00438 1
6 0.74522 0.5 0.00272 1
15 0.76233 0.5 0.00194 1
2 0.84014 0.5 0.00628 1
2 0.84579 0.5 0.00138 1
2 0.85553 0.5 0.00722 1
13 0.86895 0.5 0.00302 1
13 0.87423 0.5 0.0085 1
4 0.3271 0.5 0.0032 1
4 0.75126 0.5 0.00576 1
4 0.75504 0.5 0.002 1
4 0.75854 0.5 0.00568 1
4 0.76215 0.5 0.00174 1
4 0.76579 0.5 0.0057 1
4 0.77817 0.5 0.01926 1
18 0.02621 0.5 0.00054 1
18 0.12272 0.5 0.00084 1
18 0.88727 0.5 0.00074 1
18 0.96136 0.5 0.00092 1
