21 0.03231 0.5 0.01898 1
21 0.06033 0.5 0.03486 1
21 0.13941 0.5 0.02094 1
21 0.15117 0.5 0.0025 1
21 0.33064 0.5 0.00592 1
21 0.33961 0.5 0.01198 1
21 0.36278 0.5 0.00104 1
21 0.39712 0.5 0.00296 1
21 0.42152 0.5 0.0412 1
21 0.45075 0.5 0.0099 1
21 0.46683 0.5 0.00866 1
21 0.47469 0.5 0.00698 1
21 0.48326 0.5 0.004 1
21 0.48672 0.5 0.00288 1
8 0.52124 0.5 0.00824 1
8 0.52649 0.5 0.00222 1
21 0.54415 0.5 0.03306 1
21 0.56875 0.5 0.0161 1
21 0.60583 0.5 0.0565 1
21 0.72358 0.5 0.15164 1
8 0.84362 0.5 0.08808 1
8 0.893 0.5 0.00752 1
21 0.92352 0.5 0.001 1
21 0.93058 0.5 0.0066 1
21 0.94885 0.5 0.00818 1
21 0.95593 0.5 0.0059 1
21 0.96787 0.5 0.00266 1
21 0.97209 0.5 0.00118 1
2 0.08803 0.5 0.02026 1
2 0.10585 0.5 0.01558 1
2 0.11897 0.5 0.0101 1
2 0.12758 0.5 0.00252 1
11 0.18052 0.5 0.05564 1
11 0.2416 0.5 0.06504 1
11 0.27728 0.5 0.00332 1
11 0.29111 0.5 0.01782 1
11 0.31643 0.5 0.02066 1
24 0.12536 0.5 0.00224 1
18 0.37065 0.5 0.00066 1
18 0.37436 0.5 0.00072 1
