21 0.08448 0.5 0.05072 1
21 0.11929 0.5 0.01854 1
21 0.1761 0.5 0.09724 1
21 0.227 0.5 0.00452 1
21 0.32517 0.5 0.01574 1
21 0.33398 0.5 0.00112 1
21 0.34611 0.5 0.0231 1
21 0.36047 0.5 0.0069 1
21 0.38059 0.5 0.0333 1
21 0.41395 0.5 0.03338 1
21 0.43643 0.5 0.00562 1
21 0.45198 0.5 0.01612 1
21 0.47234 0.5 0.02456 1
21 0.51087 0.5 0.05246 1
21 0.53865 0.5 0.00374 1
21 0.54922 0.5 0.01736 1
21 0.56296 0.5 0.01008 1
21 0.59006 0.5 0.04408 1
21 0.6167 0.5 0.0078 1
21 0.70341 0.5 0.15658 1
21 0.78676 0.5 0.01008 1
21 0.79526 0.5 0.00688 1
21 0.80052 0.5 0.0036 1
21 0.81425 0.5 0.00274 1
21 0.82878 0.5 0.02324 1
21 0.88196 0.5 0.081 1
21 0.92734 0.5 0.00972 1
21 0.94845 0.5 0.03246 1
21 0.98121 0.5 0.03302 1
2 0.27334 0.5 0.08788 1
