0 0.00841 0.5 0.00126 1
0 0.01839 0.5 0.00126 1
0 0.02835 0.5 0.00126 1
0 0.03831 0.5 0.00126 1
0 0.04825 0.5 0.00126 1
0 0.05821 0.5 0.00126 1
0 0.06815 0.5 0.00126 1
0 0.07813 0.5 0.00126 1
0 0.08807 0.5 0.00126 1
0 0.09803 0.5 0.00126 1
0 0.10799 0.5 0.00126 1
0 0.11795 0.5 0.00126 1
0 0.12793 0.5 0.00126 1
0 0.13789 0.5 0.00126 1
0 0.14783 0.5 0.00126 1
0 0.15781 0.5 0.00126 1
0 0.16775 0.5 0.00126 1
0 0.17771 0.5 0.00126 1
0 0.18765 0.5 0.00126 1
0 0.19761 0.5 0.00126 1
0 0.20755 0.5 0.00126 1
0 0.21753 0.5 0.00126 1
0 0.22749 0.5 0.00126 1
0 0.23747 0.5 0.00126 1
0 0.24741 0.5 0.00126 1
0 0.25737 0.5 0.00126 1
0 0.26733 0.5 0.00126 1
0 0.27731 0.5 0.00126 1
0 0.28729 0.5 0.00126 1
0 0.29725 0.5 0.00126 1
0 0.30723 0.5 0.00126 1
0 0.31717 0.5 0.00126 1
0 0.32713 0.5 0.00126 1
0 0.33711 0.5 0.00126 1
0 0.34707 0.5 0.00126 1
0 0.35705 0.5 0.00126 1
0 0.36699 0.5 0.00126 1
0 0.37695 0.5 0.00126 1
0 0.38691 0.5 0.00126 1
0 0.39685 0.5 0.00126 1
0 0.40679 0.5 0.00126 1
0 0.41673 0.5 0.00126 1
0 0.42671 0.5 0.00126 1
0 0.43665 0.5 0.00126 1
0 0.44661 0.5 0.00126 1
0 0.45659 0.5 0.00126 1
0 0.46655 0.5 0.00126 1
0 0.47649 0.5 0.00126 1
0 0.48647 0.5 0.00126 1
0 0.49643 0.5 0.00126 1
0 0.50639 0.5 0.00126 1
0 0.51635 0.5 0.00126 1
0 0.52631 0.5 0.00126 1
0 0.53627 0.5 0.00126 1
0 0.54623 0.5 0.00126 1
0 0.55617 0.5 0.00126 1
0 0.56615 0.5 0.00126 1
0 0.57611 0.5 0.00126 1
0 0.58607 0.5 0.00126 1
0 0.59601 0.5 0.00126 1
0 0.60599 0.5 0.00126 1
0 0.61595 0.5 0.00126 1
0 0.62591 0.5 0.00126 1
0 0.63585 0.5 0.00126 1
0 0.64583 0.5 0.00126 1
0 0.65579 0.5 0.00126 1
0 0.66575 0.5 0.00126 1
0 0.67569 0.5 0.00126 1
0 0.68567 0.5 0.00126 1
0 0.69563 0.5 0.00126 1
0 0.70559 0.5 0.00126 1
0 0.71555 0.5 0.00126 1
0 0.72551 0.5 0.00126 1
0 0.73547 0.5 0.00126 1
0 0.74541 0.5 0.00126 1
0 0.75539 0.5 0.00126 1
0 0.76535 0.5 0.00126 1
0 0.77531 0.5 0.00126 1
0 0.78527 0.5 0.00126 1
0 0.79523 0.5 0.00126 1
0 0.80519 0.5 0.00126 1
0 0.81513 0.5 0.00126 1
0 0.82511 0.5 0.00126 1
0 0.83507 0.5 0.00126 1
0 0.84503 0.5 0.00126 1
0 0.85499 0.5 0.00126 1
0 0.86497 0.5 0.00126 1
0 0.87493 0.5 0.00126 1
0 0.88489 0.5 0.00126 1
0 0.89485 0.5 0.00126 1
0 0.90481 0.5 0.00126 1
0 0.91479 0.5 0.00126 1
0 0.92475 0.5 0.00126 1
0 0.93471 0.5 0.00126 1
0 0.94465 0.5 0.00126 1
0 0.95461 0.5 0.00126 1
0 0.96455 0.5 0.00126 1
0 0.97453 0.5 0.00126 1
0 0.98447 0.5 0.00126 1
0 0.99445 0.5 0.00126 1
