0 0.00675 0.5 0.00126 1
0 0.01671 0.5 0.00126 1
0 0.02659 0.5 0.00126 1
0 0.03657 0.5 0.00126 1
0 0.04645 0.5 0.00126 1
0 0.05641 0.5 0.00126 1
0 0.06637 0.5 0.00126 1
0 0.07633 0.5 0.00126 1
0 0.08631 0.5 0.00126 1
0 0.09627 0.5 0.00126 1
0 0.10623 0.5 0.00126 1
0 0.11621 0.5 0.00126 1
0 0.12617 0.5 0.00126 1
0 0.13613 0.5 0.00126 1
0 0.14611 0.5 0.00126 1
0 0.15607 0.5 0.00126 1
0 0.16603 0.5 0.00126 1
0 0.17599 0.5 0.00126 1
0 0.18595 0.5 0.00126 1
0 0.19591 0.5 0.00126 1
0 0.20587 0.5 0.00126 1
0 0.21583 0.5 0.00126 1
0 0.22581 0.5 0.00126 1
0 0.23441 0.5 0.00126 1
0 0.24437 0.5 0.00126 1
0 0.25433 0.5 0.00126 1
0 0.26431 0.5 0.00126 1
0 0.27427 0.5 0.00126 1
0 0.28287 0.5 0.00126 1
0 0.29147 0.5 0.00126 1
0 0.30007 0.5 0.00126 1
0 0.31005 0.5 0.00126 1
0 0.31865 0.5 0.00126 1
0 0.32861 0.5 0.00126 1
0 0.33857 0.5 0.00126 1
0 0.34855 0.5 0.00126 1
0 0.35715 0.5 0.00126 1
0 0.36711 0.5 0.00126 1
0 0.37707 0.5 0.00126 1
0 0.38705 0.5 0.00126 1
0 0.39701 0.5 0.00126 1
0 0.40699 0.5 0.00126 1
0 0.41695 0.5 0.00126 1
0 0.42693 0.5 0.00126 1
0 0.43689 0.5 0.00126 1
0 0.44549 0.5 0.00126 1
0 0.45545 0.5 0.00126 1
0 0.46541 0.5 0.00126 1
0 0.47539 0.5 0.00126 1
0 0.48535 0.5 0.00126 1
0 0.49531 0.5 0.00126 1
0 0.50529 0.5 0.00126 1
0 0.51525 0.5 0.00126 1
0 0.52521 0.5 0.00126 1
0 0.53517 0.5 0.00126 1
0 0.54513 0.5 0.00126 1
0 0.55509 0.5 0.00126 1
0 0.56507 0.5 0.00126 1
0 0.57367 0.5 0.00126 1
0 0.58363 0.5 0.00126 1
0 0.59359 0.5 0.00126 1
0 0.60355 0.5 0.00126 1
0 0.61219 0.5 0.00134 1
0 0.62209 0.5 0.00126 1
0 0.63205 0.5 0.00126 1
0 0.64201 0.5 0.00126 1
0 0.65201 0.5 0.00134 1
0 0.66191 0.5 0.00126 1
0 0.67187 0.5 0.00126 1
0 0.68183 0.5 0.00126 1
0 0.69047 0.5 0.00134 1
0 0.70037 0.5 0.00126 1
0 0.71033 0.5 0.00126 1
0 0.72029 0.5 0.00126 1
0 0.73025 0.5 0.00126 1
0 0.73885 0.5 0.00126 1
0 0.74881 0.5 0.00126 1
0 0.75877 0.5 0.00126 1
0 0.76737 0.5 0.00126 1
0 0.77733 0.5 0.00126 1
0 0.78729 0.5 0.00126 1
0 0.79725 0.5 0.00126 1
0 0.80585 0.5 0.00126 1
0 0.81581 0.5 0.00126 1
0 0.82577 0.5 0.00126 1
0 0.83437 0.5 0.00126 1
0 0.84433 0.5 0.00126 1
0 0.85293 0.5 0.00126 1
0 0.86289 0.5 0.00126 1
0 0.87287 0.5 0.00126 1
0 0.88285 0.5 0.00126 1
0 0.89283 0.5 0.00126 1
0 0.90143 0.5 0.00126 1
0 0.91139 0.5 0.00126 1
0 0.91999 0.5 0.00126 1
0 0.92995 0.5 0.00126 1
0 0.93993 0.5 0.00126 1
0 0.94991 0.5 0.00126 1
0 0.95989 0.5 0.00126 1
0 0.96987 0.5 0.00126 1
0 0.97985 0.5 0.00126 1
0 0.98983 0.5 0.00126 1
0 0.99981 0.5 0.00126 1
