21 0.07516 0.5 0.0516 1
21 0.10516 0.5 0.00904 1
21 0.12958 0.5 0.03976 1
21 0.15413 0.5 0.0093 1
21 0.17536 0.5 0.03312 1
21 0.20863 0.5 0.03338 1
21 0.2309 0.5 0.00436 1
21 0.24936 0.5 0.01572 1
21 0.26987 0.5 0.00386 1
21 0.32283 0.5 0.10118 1
21 0.37645 0.5 0.00602 1
21 0.51202 0.5 0.02044 1
21 0.52643 0.5 0.0083 1
21 0.5324 0.5 0.00296 1
21 0.55215 0.5 0.03294 1
21 0.57661 0.5 0.01594 1
21 0.58737 0.5 0.00554 1
21 0.60176 0.5 0.01288 1
21 0.72716 0.5 0.02312 1
21 0.79594 0.5 0.11512 1
21 0.86507 0.5 0.0231 1
11 0.01488 0.5 0.02896 1
11 0.03999 0.5 0.01862 1
5 0.41375 0.5 0.00946 1
2 0.43615 0.5 0.0143 1
2 0.69784 0.5 0.00348 1
2 0.70856 0.5 0.00776 1
2 0.7144 0.5 0.00232 1
2 0.88001 0.5 0.00674 1
5 0.92141 0.5 0.01958 1
5 0.95865 0.5 0.03014 1
2 0.98478 0.5 0.02208 1
2 0.99677 0.5 0.0027 1
4 0.39698 0.5 0.0208 1
4 0.45637 0.5 0.00522 1
4 0.47665 0.5 0.00114 1
4 0.48104 0.5 0.00188 1
4 0.49096 0.5 0.01792 1
18 0.62448 0.5 0.0006 1
