0 0.00959 0.5 0.00126 1
0 0.01965 0.5 0.00126 1
0 0.02969 0.5 0.00126 1
0 0.03973 0.5 0.00126 1
0 0.04977 0.5 0.00126 1
0 0.05981 0.5 0.00126 1
0 0.06985 0.5 0.00126 1
0 0.07989 0.5 0.00126 1
0 0.08993 0.5 0.00126 1
0 0.09997 0.5 0.00126 1
0 0.11001 0.5 0.00126 1
0 0.11996 0.5 0.00144 1
0 0.13001 0.5 0.00126 1
0 0.13999 0.5 0.00126 1
0 0.14995 0.5 0.00126 1
0 0.15982 0.5 0.00144 1
0 0.16987 0.5 0.00126 1
0 0.17985 0.5 0.00126 1
0 0.18981 0.5 0.00126 1
0 0.19977 0.5 0.00126 1
0 0.20964 0.5 0.00144 1
0 0.21969 0.5 0.00126 1
0 0.22967 0.5 0.00126 1
0 0.23963 0.5 0.00126 1
0 0.24961 0.5 0.00126 1
0 0.25957 0.5 0.00126 1
0 0.26944 0.5 0.00144 1
0 0.27949 0.5 0.00126 1
0 0.28947 0.5 0.00126 1
0 0.29943 0.5 0.00126 1
0 0.3093 0.5 0.00144 1
0 0.31935 0.5 0.00126 1
0 0.32933 0.5 0.00126 1
0 0.33929 0.5 0.00126 1
0 0.34927 0.5 0.00126 1
0 0.35923 0.5 0.00126 1
0 0.3691 0.5 0.00144 1
0 0.37915 0.5 0.00126 1
0 0.38913 0.5 0.00126 1
0 0.399 0.5 0.00144 1
0 0.40905 0.5 0.00126 1
0 0.41901 0.5 0.00126 1
0 0.42888 0.5 0.00144 1
0 0.43884 0.5 0.00144 1
0 0.44889 0.5 0.00126 1
0 0.45876 0.5 0.00144 1
0 0.46881 0.5 0.00126 1
0 0.47868 0.5 0.00144 1
0 0.48873 0.5 0.00126 1
0 0.4986 0.5 0.00144 1
0 0.50865 0.5 0.00126 1
0 0.51861 0.5 0.00126 1
0 0.52857 0.5 0.00126 1
0 0.53853 0.5 0.00126 1
0 0.5484 0.5 0.00144 1
0 0.55845 0.5 0.00126 1
0 0.56832 0.5 0.00144 1
0 0.57837 0.5 0.00126 1
0 0.58834 0.5 0.00124 1
0 0.5982 0.5 0.00144 1
0 0.60823 0.5 0.00126 1
0 0.61808 0.5 0.00144 1
0 0.62813 0.5 0.00126 1
0 0.6381 0.5 0.00124 1
0 0.64796 0.5 0.00144 1
0 0.65799 0.5 0.00126 1
0 0.66784 0.5 0.00144 1
0 0.67789 0.5 0.00126 1
0 0.68786 0.5 0.00124 1
0 0.69772 0.5 0.00144 1
0 0.70775 0.5 0.00126 1
0 0.71769 0.5 0.00126 1
0 0.72765 0.5 0.00126 1
0 0.73759 0.5 0.00126 1
0 0.74753 0.5 0.00126 1
0 0.75749 0.5 0.00126 1
0 0.76745 0.5 0.00126 1
0 0.77739 0.5 0.00126 1
0 0.78733 0.5 0.00126 1
0 0.79729 0.5 0.00126 1
0 0.80723 0.5 0.00126 1
0 0.8171 0.5 0.00144 1
0 0.82704 0.5 0.00144 1
0 0.837 0.5 0.00144 1
0 0.84703 0.5 0.00126 1
0 0.8569 0.5 0.00144 1
0 0.86684 0.5 0.00144 1
0 0.8768 0.5 0.00144 1
0 0.88676 0.5 0.00144 1
0 0.89672 0.5 0.00144 1
0 0.90675 0.5 0.00126 1
0 0.91671 0.5 0.00126 1
0 0.92659 0.5 0.00126 1
0 0.93657 0.5 0.00126 1
0 0.94645 0.5 0.00126 1
0 0.95641 0.5 0.00126 1
0 0.96637 0.5 0.00126 1
0 0.97633 0.5 0.00126 1
0 0.98631 0.5 0.00126 1
0 0.99627 0.5 0.00126 1
