8 0.32985 0.5 0.00534 1
8 0.78963 0.5 0.00778 1
8 0.83909 0.5 0.0911 1
8 0.88855 0.5 0.00778 1
8 0.91868 0.5 0.00104 1
8 0.95041 0.5 0.00366 1
8 0.96186 0.5 0.00204 1
8 0.97495 0.5 0.01098 1
8 1.02774 0.5 0.09456 1
2 0.01235 0.5 0.01814 1
2 0.0235 0.5 0.00148 1
15 0.03341 0.5 0.0171 1
2 0.06058 0.5 0.03484 1
2 0.10786 0.5 0.06004 1
2 0.21382 0.5 0.15228 1
2 0.39412 0.5 0.01348 1
2 0.42145 0.5 0.0019 1
24 0.46237 0.5 0.06074 1
24 0.50006 0.5 0.0102 1
24 0.51682 0.5 0.01936 1
24 0.61077 0.5 0.0011 1
4 0.6618 0.5 0.00136 1
4 0.66471 0.5 0.00418 1
4 0.66807 0.5 0.00166 1
4 0.67764 0.5 0.00272 1
18 0.67409 0.5 0.0011 1
