21 0.11806 0.5 0.06656 1
21 0.15224 0.5 0.00224 1
21 0.15808 0.5 0.00872 1
21 0.16566 0.5 0.00408 1
21 0.21032 0.5 0.08516 1
21 0.36955 0.5 0.03822 1
21 0.39306 0.5 0.00804 1
8 0.47593 0.5 0.00222 1
21 0.51294 0.5 0.00296 1
8 0.52225 0.5 0.00162 1
21 0.6006 0.5 0.00296 1
21 0.63177 0.5 0.00302 1
21 0.63363 0.5 0.00074 1
21 0.65819 0.5 0.04842 1
21 0.69278 0.5 0.01332 1
21 0.70339 0.5 0.0071 1
21 0.71882 0.5 0.02372 1
21 0.78658 0.5 0.01488 1
21 0.83023 0.5 0.06518 1
21 0.88003 0.5 0.03174 1
21 0.89777 0.5 0.00362 1
21 0.91511 0.5 0.03098 1
21 0.93366 0.5 0.0062 1
21 0.93878 0.5 0.004 1
21 0.94921 0.5 0.01718 1
21 1.0747 0.5 0.196 1
25 0.02501 0.5 0.0081 1
25 0.50661 0.5 0.00726 1
25 0.61015 0.5 0.00218 1
24 0.44917 0.5 0.00154 1
24 0.46929 0.5 0.00466 1
4 0.45041 0.5 0.00338 1
4 0.45718 0.5 0.00172 1
4 0.46508 0.5 0.0102 1
