21 0.91448 0.5 0.00232 1
5 0.19877 0.5 0.0021 1
2 0.32621 0.5 0.0043 1
2 0.33517 0.5 0.00258 1
25 0.38459 0.5 0.00706 1
15 0.40505 0.5 0.00538 1
3 0.53595 0.5 0.00086 1
15 0.5401 0.5 0.00184 1
2 0.55982 0.5 0.0216 1
17 0.90761 0.5 0.00694 1
2 0.92283 0.5 0.00298 1
2 0.92933 0.5 0.00406 1
24 0.18298 0.5 0.02128 1
24 0.51609 0.5 0.00274 1
24 0.61733 0.5 0.00666 1
24 0.87029 0.5 0.00338 1
24 0.93749 0.5 0.00402 1
4 0.19607 0.5 0.00342 1
4 0.93134 0.5 0.0018 1
18 0.86595 0.5 0.0009 1
18 0.8985 0.5 0.00104 1
18 0.92076 0.5 0.00072 1
