21 0.48979 0.5 0.01762 1
21 0.53948 0.5 0.04956 1
21 0.5757 0.5 0.00808 1
8 0.60014 0.5 0.01412 1
21 0.61641 0.5 0.0049 1
21 0.61993 0.5 0.00202 1
21 0.62307 0.5 0.00326 1
21 0.63615 0.5 0.00838 1
21 0.66582 0.5 0.01104 1
21 0.69203 0.5 0.0049 1
8 0.7032 0.5 0.01724 1
21 0.77552 0.5 0.02352 1
21 0.9565 0.5 0.02516 1
21 0.979 0.5 0.0182 1
8 0.99032 0.5 0.0044 1
8 1.03588 0.5 0.0844 1
11 0.04621 0.5 0.02214 1
11 0.07394 0.5 0.02208 1
15 0.18771 0.5 0.01038 1
15 0.29557 0.5 0.0073 1
15 0.30178 0.5 0.00528 1
2 0.35279 0.5 0.00446 1
5 0.46767 0.5 0.00322 1
2 0.47113 0.5 0.00166 1
5 0.74637 0.5 0.02558 1
11 0.84639 0.5 0.00478 1
11 0.85859 0.5 0.01894 1
11 0.87913 0.5 0.01994 1
11 0.90656 0.5 0.0158 1
11 0.92253 0.5 0.00918 1
11 0.93843 0.5 0.00306 1
11 0.94288 0.5 0.00204 1
24 0.09112 0.5 0.00644 1
4 0.2386 0.5 0.0036 1
4 0.5116 0.5 0.0066 1
4 0.841 0.5 0.00192 1
18 0.24362 0.5 0.00148 1
18 0.47658 0.5 0.00052 1
18 0.50548 0.5 0.0008 1
18 0.73184 0.5 0.00108 1
18 0.88991 0.5 0.00158 1
