21 0.06348 0.5 0.0018 1
21 0.0685 0.5 0.00688 1
8 0.14654 0.5 0.0074 1
8 0.17385 0.5 0.0471 1
8 0.33968 0.5 0.05092 1
8 0.36906 0.5 0.0074 1
21 0.38096 0.5 0.00296 1
21 0.39007 0.5 0.00094 1
8 0.80956 0.5 0.00276 1
21 0.81433 0.5 0.00618 1
2 0.21265 0.5 0.00294 1
2 0.21572 0.5 0.00316 1
2 0.23588 0.5 0.02132 1
25 0.27123 0.5 0.00266 1
2 0.29006 0.5 0.0024 1
2 0.29964 0.5 0.01136 1
2 0.42059 0.5 0.00606 1
25 0.45648 0.5 0.00356 1
2 0.47665 0.5 0.00242 1
2 0.49342 0.5 0.0024 1
2 0.49794 0.5 0.00184 1
25 0.61966 0.5 0.00228 1
2 0.65248 0.5 0.00124 1
2 0.71816 0.5 0.0236 1
2 0.73696 0.5 0.01252 1
2 0.74762 0.5 0.00164 1
2 0.75064 0.5 0.00436 1
2 0.98134 0.5 0.16696 1
24 0.82628 0.5 0.00588 1
4 0.22129 0.5 0.00766 1
4 0.24723 0.5 0.00134 1
4 0.42818 0.5 0.0088 1
4 0.65263 0.5 0.00126 1
4 0.69335 0.5 0.02006 1
4 0.74564 0.5 0.0048 1
4 0.7564 0.5 0.00724 1
4 0.76655 0.5 0.01306 1
