21 0.04709 0.5 0.00478 1
21 0.05456 0.5 0.01012 1
8 0.096 0.5 0.00372 1
8 0.10187 0.5 0.00794 1
8 0.10817 0.5 0.00462 1
8 0.16538 0.5 0.09556 1
8 0.21504 0.5 0.00372 1
8 0.22091 0.5 0.00794 1
21 0.25371 0.5 0.00794 1
8 0.3383 0.5 0.0076 1
21 0.40418 0.5 0.0354 1
8 0.44114 0.5 0.01432 1
8 0.46988 0.5 0.01804 1
8 0.49615 0.5 0.01966 1
21 0.86713 0.5 0.05602 1
21 0.89782 0.5 0.00532 1
21 0.90472 0.5 0.00084 1
21 0.92344 0.5 0.01144 1
21 0.94937 0.5 0.01758 1
21 0.95909 0.5 0.00166 1
21 0.98309 0.5 0.03418 1
11 0.06321 0.5 0.00698 1
15 0.44949 0.5 0.00234 1
15 0.45714 0.5 0.0074 1
25 0.62865 0.5 0.0049 1
2 0.67758 0.5 0.00408 1
2 0.72651 0.5 0.01514 1
2 0.83235 0.5 0.0059 1
24 0.34536 0.5 0.00652 1
24 0.36703 0.5 0.03686 1
24 0.43075 0.5 0.0049 1
4 0.08912 0.5 0.00724 1
4 0.22551 0.5 0.0011 1
4 0.22963 0.5 0.00122 1
4 0.23185 0.5 0.00286 1
4 0.28534 0.5 0.00192 1
4 0.28828 0.5 0.00192 1
4 0.65968 0.5 0.0108 1
4 0.66901 0.5 0.0063 1
4 0.73508 0.5 0.0032 1
18 0.27197 0.5 0.0007 1
18 0.50824 0.5 0.00092 1
18 0.74014 0.5 0.00156 1
