21 0.77566 0.5 0.02128 1
21 0.80265 0.5 0.0009 1
21 0.83089 0.5 0.04494 1
21 0.88404 0.5 0.02328 1
25 0.00602 0.5 0.00148 1
25 0.01005 0.5 0.0057 1
5 0.02035 0.5 0.0093 1
2 0.10932 0.5 0.00644 1
2 0.11899 0.5 0.0113 1
5 0.18075 0.5 0.01838 1
2 0.19137 0.5 0.00282 1
2 0.19704 0.5 0.00332 1
5 0.20092 0.5 0.00436 1
25 0.24483 0.5 0.00658 1
2 0.26658 0.5 0.00184 1
2 0.38348 0.5 0.00088 1
2 0.38651 0.5 0.00514 1
2 0.42255 0.5 0.00418 1
2 0.42393 0.5 0.00314 1
2 0.42611 0.5 0.00298 1
2 0.43995 0.5 0.00326 1
2 0.4524 0.5 0.00224 1
10 0.67088 0.5 0.02896 1
10 0.6879 0.5 0.00368 1
5 0.73091 0.5 0.00418 1
5 0.73831 0.5 0.01186 1
25 0.87128 0.5 0.0022 1
25 0.89814 0.5 0.00488 1
25 0.90705 0.5 0.00978 1
25 0.91916 0.5 0.00356 1
25 0.97427 0.5 0.00498 1
15 0.98916 0.5 0.00236 1
23 0.20962 0.5 0.01096 1
24 0.25787 0.5 0.00378 1
24 0.44687 0.5 0.00186 1
24 0.46402 0.5 0.00252 1
24 0.47857 0.5 0.01358 1
24 0.50506 0.5 0.00256 1
24 0.54309 0.5 0.0737 1
4 0.25208 0.5 0.00788 1
4 0.26316 0.5 0.0046 1
4 0.36624 0.5 0.02048 1
4 0.6214 0.5 0.0026 1
4 0.62639 0.5 0.00254 1
4 0.6342 0.5 0.00648 1
4 0.92739 0.5 0.01038 1
4 0.95004 0.5 0.035 1
4 0.9876 0.5 0.00072 1
18 0.16407 0.5 0.0009 1
18 0.19437 0.5 0.00082 1
18 0.45702 0.5 0.00112 1
18 0.60469 0.5 0.00062 1
18 0.9136 0.5 0.001 1
