21 0.05166 0.5 0.00232 1
21 0.05368 0.5 0.00168 1
21 0.06438 0.5 0.01988 1
21 0.13501 0.5 0.01146 1
21 0.16829 0.5 0.00358 1
21 0.53771 0.5 0.03518 1
21 0.59274 0.5 0.07484 1
21 0.69022 0.5 0.10816 1
11 0.00182 0.5 0.00224 1
11 0.04344 0.5 0.0038 1
15 0.09182 0.5 0.01104 1
11 0.23953 0.5 0.0177 1
11 0.25118 0.5 0.00476 1
13 0.31964 0.5 0.01072 1
6 0.33311 0.5 0.00514 1
2 0.35604 0.5 0.00408 1
2 0.46411 0.5 0.00414 1
2 0.47015 0.5 0.00602 1
5 0.51915 0.5 0.0019 1
5 0.74538 0.5 0.00212 1
11 0.91917 0.5 0.01194 1
11 0.93926 0.5 0.01804 1
11 0.96232 0.5 0.02584 1
24 0.21896 0.5 0.0204 1
24 0.2608 0.5 0.01436 1
24 0.27097 0.5 0.00778 1
24 0.28297 0.5 0.01626 1
4 0.18501 0.5 0.00618 1
4 0.18946 0.5 0.00208 1
4 0.19293 0.5 0.0037 1
4 0.19542 0.5 0.00128 1
4 0.19749 0.5 0.00134 1
4 0.20009 0.5 0.00418 1
4 0.20401 0.5 0.0023 1
4 0.29336 0.5 0.00336 1
4 0.76363 0.5 0.00838 1
4 0.77009 0.5 0.0041 1
4 0.77531 0.5 0.00094 1
4 0.77952 0.5 0.00532 1
4 0.78485 0.5 0.00578 1
4 0.79684 0.5 0.00672 1
4 0.80796 0.5 0.01552 1
4 0.85788 0.5 0.00536 1
4 0.86828 0.5 0.01544 1
18 0.45737 0.5 0.00082 1
