8 0.21113 0.5 0.00322 1
8 0.26112 0.5 0.09672 1
8 0.31111 0.5 0.00322 1
8 0.38204 0.5 0.00104 1
8 0.5391 0.5 0.01364 1
8 0.64215 0.5 0.00726 1
8 0.78693 0.5 0.00194 1
2 0.47382 0.5 0.02036 1
5 0.58189 0.5 0.00098 1
3 0.68931 0.5 0.00278 1
5 0.69362 0.5 0.0106 1
24 0.60938 0.5 0.00584 1
24 0.94753 0.5 0.01142 1
4 0.516 0.5 0.00248 1
4 0.52106 0.5 0.00432 1
4 0.52727 0.5 0.00666 1
18 0.03695 0.5 0.0011 1
18 0.14659 0.5 0.00086 1
18 0.79712 0.5 0.00072 1
18 0.88345 0.5 0.00054 1
18 0.88945 0.5 0.0007 1
