8 0.0761 0.5 0.01264 1
8 0.09792 0.5 0.00176 1
0 0.3782 0.5 0.00488 1
8 0.87479 0.5 0.00734 1
3 0.09506 0.5 0.00124 1
3 0.10163 0.5 0.0053 1
25 0.18895 0.5 0.00694 1
15 0.83071 0.5 0.00518 1
15 0.83599 0.5 0.00318 1
2 0.90239 0.5 0.01294 1
2 0.91539 0.5 0.00606 1
24 0.2026 0.5 0.0148 1
24 0.38584 0.5 0.00828 1
24 0.4537 0.5 0.00428 1
24 0.58972 0.5 0.00492 1
24 0.75869 0.5 0.00166 1
1 0.50992 0.5 0.00184 1
4 0.08863 0.5 0.00882 1
4 0.09387 0.5 0.00198 1
4 0.11266 0.5 0.02068 1
4 0.579 0.5 0.00552 1
4 0.58485 0.5 0.00518 1
4 0.5981 0.5 0.00104 1
18 0.12907 0.5 0.00066 1
18 0.51319 0.5 0.00082 1
18 0.55933 0.5 0.00098 1
18 0.91032 0.5 0.00132 1
18 0.97112 0.5 0.00052 1
