8 0.14243 0.5 0.00358 1
21 0.34352 0.5 0.00216 1
21 0.36476 0.5 0.04116 1
8 0.81689 0.5 0.01606 1
8 0.82622 0.5 0.00248 1
8 0.84072 0.5 0.0236 1
8 0.86059 0.5 0.01606 1
2 0.01539 0.5 0.00606 1
5 0.12259 0.5 0.0033 1
5 0.13018 0.5 0.00412 1
2 0.21218 0.5 0.12932 1
2 0.30968 0.5 0.06552 1
2 0.43725 0.5 0.10378 1
2 0.90535 0.5 0.0019 1
2 0.90959 0.5 0.0021 1
24 0.54374 0.5 0.01496 1
24 0.87743 0.5 0.00538 1
4 0.68572 0.5 0.00908 1
18 0.01032 0.5 0.00132 1
18 0.07112 0.5 0.00052 1
18 0.56048 0.5 0.00056 1
18 0.72058 0.5 0.00116 1
18 0.91772 0.5 0.00164 1
18 0.92231 0.5 0.00074 1
