21 0.96328 0.5 0.00296 1
13 0.32385 0.5 0.00294 1
13 0.3343 0.5 0.00216 1
25 0.85542 0.5 0.003 1
25 0.92502 0.5 0.00712 1
6 0.93276 0.5 0.00448 1
24 0.66797 0.5 0.00198 1
24 0.75777 0.5 0.00402 1
24 0.8981 0.5 0.00784 1
4 0.22496 0.5 0.0024 1
4 0.24101 0.5 0.00714 1
4 0.36237 0.5 0.00862 1
4 0.42127 0.5 0.00306 1
4 0.42391 0.5 0.0017 1
4 0.52585 0.5 0.00178 1
4 0.79753 0.5 0.00242 1
4 0.80081 0.5 0.00126 1
4 0.80256 0.5 0.00196 1
4 0.80541 0.5 0.00182 1
4 0.80763 0.5 0.00202 1
4 0.8117 0.5 0.00308 1
4 0.81521 0.5 0.0041 1
4 0.83033 0.5 0.02514 1
4 0.87794 0.5 0.00176 1
4 0.88186 0.5 0.00632 1
18 0.41292 0.5 0.00096 1
18 0.53184 0.5 0.00056 1
18 0.54565 0.5 0.00122 1
