0 0.64291 0.5 0.0063 1
8 0.76017 0.5 0.00582 1
25 0.3617 0.5 0.0016 1
2 0.63252 0.5 0.00888 1
2 0.63813 0.5 0.00146 1
25 0.67396 0.5 0.00064 1
25 0.67747 0.5 0.00646 1
3 0.82104 0.5 0.00224 1
13 0.90776 0.5 0.00356 1
13 0.9875 0.5 0.00416 1
13 0.99571 0.5 0.00142 1
24 0.21813 0.5 0.00482 1
24 0.89471 0.5 0.0045 1
4 0.22242 0.5 0.0102 1
4 0.23033 0.5 0.00174 1
4 0.88838 0.5 0.00816 1
4 0.89932 0.5 0.00436 1
18 0.30189 0.5 0.00098 1
18 0.31754 0.5 0.00148 1
18 0.31918 0.5 0.0008 1
18 0.54472 0.5 0.00152 1
18 0.54831 0.5 0.00126 1
