21 0.18419 0.5 0.03158 1
21 0.20239 0.5 0.00478 1
21 0.21421 0.5 0.01318 1
21 0.23831 0.5 0.02942 1
21 0.25771 0.5 0.01042 1
21 0.33422 0.5 0.00944 1
21 0.3448 0.5 0.00076 1
21 0.46165 0.5 0.03166 1
21 0.49109 0.5 0.02718 1
21 0.50524 0.5 0.0012 1
21 0.50879 0.5 0.00558 1
21 0.56745 0.5 0.1113 1
21 0.63304 0.5 0.01984 1
21 0.64595 0.5 0.00618 1
21 0.65134 0.5 0.00456 1
21 0.67671 0.5 0.04554 1
21 0.72799 0.5 0.05698 1
21 0.76612 0.5 0.01924 1
21 0.79198 0.5 0.03244 1
21 0.82558 0.5 0.03284 1
21 0.84962 0.5 0.00924 1
21 0.85878 0.5 0.00904 1
21 0.89147 0.5 0.00594 1
21 0.90405 0.5 0.01922 1
21 0.92332 0.5 0.01884 1
21 0.97972 0.5 0.02396 1
11 0.28833 0.5 0.0509 1
15 0.31509 0.5 0.00258 1
15 0.36526 0.5 0.03776 1
15 0.38569 0.5 0.00182 1
15 0.40125 0.5 0.00254 1
11 0.40404 0.5 0.00168 1
11 0.42541 0.5 0.04018 1
18 0.32287 0.5 0.00078 1
18 0.3898 0.5 0.0008 1
