21 0.06328 0.5 0.00296 1
8 0.802 0.5 0.00384 1
8 0.85088 0.5 0.00888 1
8 0.89803 0.5 0.08538 1
8 0.94518 0.5 0.00888 1
25 0.02502 0.5 0.00712 1
6 0.03276 0.5 0.00448 1
13 0.20834 0.5 0.00844 1
16 0.21986 0.5 0.00508 1
11 0.2395 0.5 0.00372 1
6 0.32033 0.5 0.00478 1
15 0.46643 0.5 0.0025 1
15 0.47409 0.5 0.00246 1
2 0.55515 0.5 0.00582 1
2 0.60091 0.5 0.01758 1
2 0.61032 0.5 0.00236 1
2 0.62051 0.5 0.01346 1
15 0.65392 0.5 0.00076 1
15 0.75178 0.5 0.00216 1
25 0.75692 0.5 0.00808 1
15 0.7656 0.5 0.00876 1
2 1.00958 0.5 0.02196 1
24 0.84508 0.5 0.00264 1
24 0.95349 0.5 0.00746 1
4 0.13186 0.5 0.00304 1
4 0.83574 0.5 0.00136 1
18 0.35555 0.5 0.00058 1
18 0.77999 0.5 0.00182 1
18 0.98861 0.5 0.0011 1
