8 0.66852 0.5 0.0146 1
8 0.71297 0.5 0.07306 1
15 0.05696 0.5 0.00664 1
15 0.07358 0.5 0.01988 1
15 0.08675 0.5 0.00294 1
15 0.09524 0.5 0.01016 1
15 0.12269 0.5 0.00382 1
2 0.12721 0.5 0.0029 1
2 0.13342 0.5 0.0052 1
2 0.14193 0.5 0.0065 1
2 0.14861 0.5 0.00662 1
2 0.15461 0.5 0.00294 1
2 0.17088 0.5 0.00316 1
15 0.25671 0.5 0.0099 1
2 0.32858 0.5 0.00024 1
2 0.33026 0.5 0.00308 1
2 0.33212 0.5 0.0006 1
15 0.35097 0.5 0.00922 1
15 0.63344 0.5 0.00132 1
2 0.771 0.5 0.01704 1
2 0.78457 0.5 0.00494 1
2 0.83049 0.5 0.00486 1
2 0.84293 0.5 0.01598 1
2 0.8881 0.5 0.0196 1
2 0.91235 0.5 0.01814 1
2 0.9235 0.5 0.00148 1
15 0.93341 0.5 0.0171 1
2 0.96058 0.5 0.03484 1
2 1.00786 0.5 0.06004 1
4 0.31909 0.5 0.0187 1
4 0.33239 0.5 0.00154 1
