8 0.23874 0.5 0.0018 1
21 0.91972 0.5 0.02312 1
25 0.00705 0.5 0.00978 1
25 0.01916 0.5 0.00356 1
25 0.07427 0.5 0.00498 1
15 0.08916 0.5 0.00236 1
2 0.14548 0.5 0.00192 1
2 0.38276 0.5 0.00156 1
15 0.41562 0.5 0.00884 1
15 0.52138 0.5 0.00812 1
2 0.72209 0.5 0.21634 1
2 0.87385 0.5 0.06698 1
25 0.95828 0.5 0.00696 1
24 0.3245 0.5 0.00888 1
24 0.44116 0.5 0.00172 1
1 0.17694 0.5 0.00588 1
4 0.02739 0.5 0.01038 1
4 0.05004 0.5 0.035 1
4 0.0876 0.5 0.00072 1
4 0.95396 0.5 0.00164 1
4 0.97616 0.5 0.02876 1
18 0.0136 0.5 0.001 1
