2 0.13062 0.5 0.00308 1
5 0.21078 0.5 0.00372 1
5 0.24985 0.5 0.00302 1
2 0.29512 0.5 0.08216 1
2 0.34126 0.5 0.01008 1
2 0.34905 0.5 0.00414 1
2 0.35448 0.5 0.00616 1
2 0.38656 0.5 0.05796 1
2 0.42173 0.5 0.01294 1
11 0.43856 0.5 0.02068 1
11 0.46224 0.5 0.00332 1
11 0.47503 0.5 0.0167 1
11 0.49009 0.5 0.00778 1
11 0.50137 0.5 0.00502 1
2 0.51293 0.5 0.01806 1
24 0.24098 0.5 0.01124 1
4 0.87358 0.5 0.01084 1
4 0.88224 0.5 0.00684 1
18 0.03362 0.5 0.0024 1
18 0.03537 0.5 0.00066 1
18 0.12727 0.5 0.00102 1
18 0.17393 0.5 0.00054 1
18 0.52529 0.5 0.00114 1
