21 0.08782 0.5 0.01104 1
21 0.10512 0.5 0.0242 1
21 0.12217 0.5 0.00986 1
21 0.13927 0.5 0.00154 1
21 0.16876 0.5 0.02956 1
21 0.21404 0.5 0.06096 1
21 0.24741 0.5 0.00582 1
21 0.25251 0.5 0.00434 1
21 0.25797 0.5 0.00618 1
21 0.26396 0.5 0.00412 1
21 0.26782 0.5 0.00108 1
21 0.27855 0.5 0.01802 1
21 0.29709 0.5 0.0193 1
21 0.53685 0.5 0.00382 1
21 0.54994 0.5 0.02064 1
21 0.58747 0.5 0.0125 1
21 0.60444 0.5 0.0208 1
21 0.67435 0.5 0.11898 1
21 0.74205 0.5 0.01642 1
21 0.77511 0.5 0.04966 1
21 0.82533 0.5 0.0019 1
21 0.83067 0.5 0.0085 1
21 0.84178 0.5 0.01368 1
21 0.87028 0.5 0.04304 1
21 0.90433 0.5 0.02366 1
21 0.92783 0.5 0.02234 1
21 0.94333 0.5 0.00862 1
21 0.94929 0.5 0.0031 1
21 0.97187 0.5 0.04202 1
21 0.99947 0.5 0.0063 1
2 0.32266 0.5 0.03172 1
2 0.35343 0.5 0.03022 1
2 0.38889 0.5 0.03938 1
2 0.42448 0.5 0.03 1
2 0.48711 0.5 0.0955 1
11 0.57075 0.5 0.0209 1
11 0.81225 0.5 0.02458 1
24 0.14485 0.5 0.00106 1
4 0.02664 0.5 0.00224 1
4 0.14931 0.5 0.0097 1
