8 0.59561 0.5 0.0021 1
21 0.68968 0.5 0.00364 1
21 0.70299 0.5 0.0015 1
8 0.72406 0.5 0.00116 1
8 0.78932 0.5 0.001 1
8 0.85434 0.5 0.001 1
8 0.91944 0.5 0.00116 1
8 0.98476 0.5 0.00116 1
25 0.32472 0.5 0.0066 1
2 0.59059 0.5 0.0019 1
11 0.71364 0.5 0.01968 1
2 0.75004 0.5 0.00252 1
2 0.75971 0.5 0.01626 1
11 0.77903 0.5 0.01958 1
2 0.8154 0.5 0.00252 1
2 0.82491 0.5 0.01594 1
11 0.84406 0.5 0.01956 1
2 0.88042 0.5 0.00252 1
2 0.88993 0.5 0.01594 1
11 0.90908 0.5 0.01956 1
2 0.93821 0.5 0.00394 1
2 0.94544 0.5 0.00252 1
2 0.95511 0.5 0.01626 1
11 0.97429 0.5 0.01978 1
18 0.03314 0.5 0.00076 1
18 0.45441 0.5 0.00078 1
18 0.58429 0.5 0.0007 1
18 0.66986 0.5 0.00076 1
18 0.67723 0.5 0.0011 1
18 0.74491 0.5 0.00086 1
18 0.81027 0.5 0.00086 1
18 0.87529 0.5 0.00086 1
