21 0.01446 0.5 0.01948 1
21 0.04399 0.5 0.04042 1
21 0.12843 0.5 0.00154 1
21 0.13219 0.5 0.00382 1
21 0.14216 0.5 0.0032 1
8 0.1752 0.5 0.01216 1
8 0.18462 0.5 0.00304 1
8 0.2056 0.5 0.03184 1
8 0.24162 0.5 0.03268 1
5 0.07008 0.5 0.00208 1
2 0.09957 0.5 0.00358 1
2 0.27453 0.5 0.00654 1
13 0.35284 0.5 0.00984 1
12 0.56794 0.5 0.0074 1
2 0.58828 0.5 0.03308 1
12 0.60603 0.5 0.0019 1
11 0.68614 0.5 0.00548 1
2 0.69727 0.5 0.00698 1
2 0.7116 0.5 0.00768 1
2 0.73408 0.5 0.02756 1
2 0.74953 0.5 0.00318 1
2 0.75716 0.5 0.00756 1
2 0.93217 0.5 0.00142 1
24 0.38999 0.5 0.01126 1
24 0.82543 0.5 0.1137 1
4 0.4317 0.5 0.01908 1
4 0.44747 0.5 0.0085 1
18 0.26639 0.5 0.00062 1
18 0.36685 0.5 0.00082 1
18 0.39586 0.5 0.00028 1
18 0.39717 0.5 0.0003 1
18 0.55775 0.5 0.00086 1
18 0.61295 0.5 0.00114 1
