21 0.47576 0.5 0.01 1
8 0.67608 0.5 0.00812 1
2 0.02594 0.5 0.00588 1
2 0.20434 0.5 0.00308 1
15 0.30095 0.5 0.00842 1
2 0.32197 0.5 0.0035 1
2 0.33382 0.5 0.01208 1
2 0.34554 0.5 0.00332 1
13 0.44376 0.5 0.00984 1
2 0.4514 0.5 0.00484 1
11 0.46427 0.5 0.01294 1
11 0.48327 0.5 0.00498 1
25 0.51906 0.5 0.00324 1
13 0.53002 0.5 0.01132 1
13 0.54171 0.5 0.0039 1
2 0.64586 0.5 0.00472 1
17 0.75832 0.5 0.0012 1
2 0.86261 0.5 0.00246 1
25 0.87605 0.5 0.00678 1
4 0.16548 0.5 0.004 1
4 0.49571 0.5 0.01894 1
4 0.51332 0.5 0.00856 1
4 0.53637 0.5 0.00206 1
4 0.53903 0.5 0.00214 1
4 0.72315 0.5 0.04338 1
4 0.85842 0.5 0.00252 1
4 0.89415 0.5 0.00242 1
18 0.16872 0.5 0.00092 1
18 0.62162 0.5 0.00076 1
18 0.83399 0.5 0.00078 1
