8 0.0399 0.5 0.00564 1
5 0.00764 0.5 0.00152 1
2 0.1531 0.5 0.01872 1
2 0.16502 0.5 0.00508 1
2 0.19766 0.5 0.02712 1
2 0.22115 0.5 0.01982 1
2 0.23439 0.5 0.00434 1
2 0.24118 0.5 0.0084 1
2 0.25159 0.5 0.01006 1
2 0.27719 0.5 0.05618 1
2 0.30549 0.5 0.0005 1
2 0.30747 0.5 0.00382 1
2 0.30926 0.5 0.00164 1
2 0.32702 0.5 0.03152 1
2 0.34593 0.5 0.0065 1
2 0.42387 0.5 0.14946 1
4 0.00659 0.5 0.00054 1
4 0.00874 0.5 0.00064 1
18 0.03357 0.5 0.00102 1
18 0.03458 0.5 0.00096 1
18 0.03544 0.5 0.00072 1
18 0.08273 0.5 0.00094 1
18 0.51645 0.5 0.00094 1
18 0.60901 0.5 0.00094 1
18 0.91794 0.5 0.00092 1
