21 0.03366 0.5 0.0062 1
21 0.03878 0.5 0.004 1
21 0.04921 0.5 0.01718 1
21 0.1747 0.5 0.196 1
21 0.2923 0.5 0.03916 1
21 0.41767 0.5 0.00198 1
21 0.42045 0.5 0.00374 1
21 0.43376 0.5 0.02284 1
21 0.46216 0.5 0.03392 1
21 0.48142 0.5 0.001 1
21 0.48532 0.5 0.00296 1
21 0.48711 0.5 0.0007 1
21 0.4897 0.5 0.00408 1
21 0.53794 0.5 0.00348 1
21 0.78578 0.5 0.03228 1
21 0.81546 0.5 0.02704 1
21 0.83065 0.5 0.00334 1
21 0.8386 0.5 0.00376 1
21 0.85287 0.5 0.01686 1
21 0.87628 0.5 0.00312 1
21 0.89534 0.5 0.03288 1
21 0.94639 0.5 0.06698 1
11 0.56135 0.5 0.0435 1
