21 0.38714 0.5 0.01012 1
21 0.49727 0.5 0.2101 1
21 0.60745 0.5 0.01022 1
8 0.92868 0.5 0.02384 1
8 0.948 0.5 0.01492 1
8 0.9564 0.5 0.00184 1
8 0.95982 0.5 0.00496 1
8 0.96651 0.5 0.00838 1
2 0.06604 0.5 0.1172 1
25 0.12731 0.5 0.00146 1
15 0.1314 0.5 0.00668 1
15 0.30868 0.5 0.00392 1
15 0.37406 0.5 0.00448 1
2 0.37793 0.5 0.00318 1
2 0.38083 0.5 0.00246 1
2 0.62302 0.5 0.02088 1
15 0.6357 0.5 0.00436 1
25 0.68462 0.5 0.00644 1
25 0.71004 0.5 0.002 1
15 0.7648 0.5 0.00276 1
11 0.82926 0.5 0.00452 1
11 0.84517 0.5 0.02138 1
11 0.86545 0.5 0.00434 1
11 0.88107 0.5 0.01258 1
11 0.90198 0.5 0.02968 1
11 0.99131 0.5 0.00666 1
11 0.99547 0.5 0.00242 1
24 0.2731 0.5 0.00468 1
24 0.65976 0.5 0.00108 1
4 0.33619 0.5 0.00778 1
4 0.64928 0.5 0.0218 1
4 0.71539 0.5 0.00182 1
4 0.71888 0.5 0.00248 1
4 0.72306 0.5 0.00396 1
4 0.72781 0.5 0.00234 1
