0 0.00143 0.5 0.00126 1
0 0.01139 0.5 0.00126 1
0 0.01999 0.5 0.00126 1
0 0.02995 0.5 0.00126 1
0 0.03993 0.5 0.00126 1
0 0.04991 0.5 0.00126 1
0 0.05989 0.5 0.00126 1
0 0.06987 0.5 0.00126 1
0 0.07985 0.5 0.00126 1
0 0.08983 0.5 0.00126 1
0 0.09981 0.5 0.00126 1
0 0.10979 0.5 0.00126 1
0 0.11977 0.5 0.00126 1
0 0.12975 0.5 0.00126 1
0 0.13973 0.5 0.00126 1
0 0.14971 0.5 0.00126 1
0 0.15969 0.5 0.00126 1
0 0.16967 0.5 0.00126 1
0 0.17963 0.5 0.00126 1
0 0.18959 0.5 0.00126 1
0 0.19957 0.5 0.00126 1
0 0.20953 0.5 0.00126 1
0 0.21951 0.5 0.00126 1
0 0.22949 0.5 0.00126 1
0 0.23947 0.5 0.00126 1
0 0.24945 0.5 0.00126 1
0 0.25943 0.5 0.00126 1
0 0.26939 0.5 0.00126 1
0 0.27937 0.5 0.00126 1
0 0.28935 0.5 0.00126 1
0 0.29933 0.5 0.00126 1
0 0.30931 0.5 0.00126 1
0 0.31929 0.5 0.00126 1
0 0.32927 0.5 0.00126 1
0 0.33925 0.5 0.00126 1
0 0.34923 0.5 0.00126 1
0 0.35921 0.5 0.00126 1
0 0.36919 0.5 0.00126 1
0 0.37917 0.5 0.00126 1
0 0.38915 0.5 0.00126 1
0 0.39913 0.5 0.00126 1
0 0.40911 0.5 0.00126 1
0 0.41909 0.5 0.00126 1
0 0.42907 0.5 0.00126 1
0 0.43905 0.5 0.00126 1
0 0.44903 0.5 0.00126 1
0 0.45899 0.5 0.00126 1
0 0.46895 0.5 0.00126 1
0 0.47893 0.5 0.00126 1
0 0.48885 0.5 0.00126 1
0 0.49881 0.5 0.00126 1
0 0.50877 0.5 0.00126 1
0 0.51871 0.5 0.00126 1
0 0.52867 0.5 0.00126 1
0 0.53865 0.5 0.00126 1
0 0.54859 0.5 0.00126 1
0 0.55851 0.5 0.00126 1
0 0.56847 0.5 0.00126 1
0 0.57843 0.5 0.00126 1
0 0.58835 0.5 0.00126 1
0 0.59831 0.5 0.00126 1
0 0.60827 0.5 0.00126 1
0 0.61821 0.5 0.00126 1
0 0.62817 0.5 0.00126 1
0 0.63815 0.5 0.00126 1
0 0.64811 0.5 0.00126 1
0 0.65809 0.5 0.00126 1
0 0.66805 0.5 0.00126 1
0 0.67801 0.5 0.00126 1
0 0.68799 0.5 0.00126 1
0 0.69795 0.5 0.00126 1
0 0.70793 0.5 0.00126 1
0 0.71789 0.5 0.00126 1
0 0.72787 0.5 0.00126 1
0 0.73783 0.5 0.00126 1
0 0.74781 0.5 0.00126 1
0 0.75779 0.5 0.00126 1
0 0.76777 0.5 0.00126 1
0 0.77775 0.5 0.00126 1
0 0.78771 0.5 0.00126 1
0 0.79767 0.5 0.00126 1
0 0.80763 0.5 0.00126 1
0 0.81761 0.5 0.00126 1
0 0.82757 0.5 0.00126 1
0 0.83753 0.5 0.00126 1
0 0.84751 0.5 0.00126 1
0 0.85747 0.5 0.00126 1
0 0.86743 0.5 0.00126 1
0 0.87741 0.5 0.00126 1
0 0.88739 0.5 0.00126 1
0 0.89735 0.5 0.00126 1
0 0.90733 0.5 0.00126 1
0 0.91731 0.5 0.00126 1
0 0.92727 0.5 0.00126 1
0 0.93725 0.5 0.00126 1
0 0.94723 0.5 0.00126 1
0 0.95717 0.5 0.00126 1
0 0.96715 0.5 0.00126 1
0 0.97711 0.5 0.00126 1
0 0.98709 0.5 0.00126 1
0 0.99707 0.5 0.00126 1
