8 0.04647 0.5 0.00082 1
21 0.27875 0.5 0.00974 1
21 0.65303 0.5 0.04054 1
21 0.67396 0.5 0.00216 1
15 0.0183 0.5 0.00904 1
15 0.06785 0.5 0.01062 1
5 0.08711 0.5 0.00386 1
5 0.09266 0.5 0.00444 1
17 0.11319 0.5 0.00718 1
15 0.15238 0.5 0.00512 1
2 0.23796 0.5 0.00608 1
2 0.24886 0.5 0.00136 1
2 0.25289 0.5 0.0027 1
13 0.30901 0.5 0.01054 1
2 0.32229 0.5 0.00158 1
2 0.3326 0.5 0.00692 1
2 0.34163 0.5 0.00642 1
2 0.3514 0.5 0.0016 1
5 0.35841 0.5 0.00814 1
5 0.37569 0.5 0.01926 1
5 0.38786 0.5 0.00128 1
2 0.5163 0.5 0.0018 1
13 0.71141 0.5 0.00878 1
2 0.9884 0.5 0.00108 1
24 0.5629 0.5 0.00912 1
24 0.58843 0.5 0.01418 1
24 0.6164 0.5 0.03092 1
24 0.67783 0.5 0.0055 1
24 0.69303 0.5 0.01366 1
24 0.91706 0.5 0.00152 1
4 0.14844 0.5 0.00684 1
4 0.15318 0.5 0.004 1
4 0.16086 0.5 0.01148 1
4 0.2296 0.5 0.0106 1
4 0.25465 0.5 0.00078 1
4 0.9542 0.5 0.01252 1
4 0.97767 0.5 0.00158 1
18 0.0452 0.5 0.00084 1
18 0.056 0.5 0.00056 1
18 0.30331 0.5 0.0007 1
18 0.32425 0.5 0.0007 1
18 0.34837 0.5 0.00082 1
18 0.4457 0.5 0.00112 1
18 0.88542 0.5 0.0008 1
