8 0.05257 0.5 0.00354 1
21 0.25266 0.5 0.00344 1
0 0.40749 0.5 0.00714 1
3 0.24493 0.5 0.00178 1
2 0.36678 0.5 0.00476 1
2 0.37184 0.5 0.00516 1
2 0.37726 0.5 0.00544 1
2 0.38208 0.5 0.00444 1
2 0.38678 0.5 0.00476 1
2 0.43372 0.5 0.01284 1
15 0.44208 0.5 0.00272 1
2 0.44728 0.5 0.00764 1
17 0.47978 0.5 0.00312 1
17 0.48809 0.5 0.00706 1
2 0.83538 0.5 0.00596 1
3 0.91912 0.5 0.00468 1
14 0.14259 0.5 0.00138 1
4 0.69867 0.5 0.00294 1
18 0.27612 0.5 0.00056 1
18 0.33829 0.5 0.00118 1
18 0.46997 0.5 0.00166 1
18 0.55155 0.5 0.00058 1
18 0.57939 0.5 0.00086 1
18 0.64232 0.5 0.00052 1
18 0.77092 0.5 0.00056 1
18 0.87289 0.5 0.00102 1
18 0.89047 0.5 0.00078 1
