8 0.49255 0.5 0.00166 1
21 0.5644 0.5 0.00152 1
21 0.81196 0.5 0.0016 1
8 0.81825 0.5 0.00226 1
21 0.85618 0.5 0.0062 1
15 0.72099 0.5 0.0027 1
24 0.05562 0.5 0.00216 1
24 0.07458 0.5 0.0122 1
24 0.09263 0.5 0.01266 1
24 0.14283 0.5 0.08242 1
24 0.40775 0.5 0.01642 1
24 0.42821 0.5 0.02366 1
24 0.74401 0.5 0.0275 1
1 0.36394 0.5 0.00188 1
4 0.54479 0.5 0.00238 1
4 0.69864 0.5 0.02256 1
4 0.72284 0.5 0.00148 1
18 0.04598 0.5 0.00076 1
18 0.20122 0.5 0.00116 1
18 0.3004 0.5 0.00108 1
18 0.35705 0.5 0.00178 1
18 0.49788 0.5 0.00188 1
18 0.62006 0.5 0.00092 1
18 0.62472 0.5 0.00212 1
18 0.76309 0.5 0.00146 1
18 0.88887 0.5 0.0007 1
