21 0.07713 0.5 0.02154 1
21 0.09229 0.5 0.00926 1
8 0.35416 0.5 0.0052 1
8 0.3573 0.5 0.00104 1
8 0.39678 0.5 0.07792 1
8 0.43806 0.5 0.00528 1
8 0.44359 0.5 0.00574 1
8 0.45879 0.5 0.00298 1
8 0.50892 0.5 0.09724 1
8 0.55873 0.5 0.00234 1
21 0.75526 0.5 0.00104 1
21 0.79482 0.5 0.0132 1
21 0.8233 0.5 0.04392 1
21 0.85176 0.5 0.01324 1
21 0.87181 0.5 0.00374 1
21 0.87441 0.5 0.00102 1
8 0.90768 0.5 0.016 1
8 0.96417 0.5 0.09694 1
2 0.11323 0.5 0.0019 1
11 0.2344 0.5 0.00684 1
11 0.25709 0.5 0.00114 1
12 0.45558 0.5 0.0034 1
12 0.56161 0.5 0.00338 1
12 0.56611 0.5 0.00498 1
11 0.59029 0.5 0.00374 1
11 0.5989 0.5 0.01932 1
2 0.65878 0.5 0.0038 1
2 0.66369 0.5 0.00142 1
2 0.671 0.5 0.00412 1
2 0.72513 0.5 0.00206 1
2 0.75174 0.5 0.00596 1
12 0.75705 0.5 0.0025 1
12 0.86427 0.5 0.01074 1
24 0.34395 0.5 0.0003 1
4 0.00798 0.5 0.00284 1
4 0.03716 0.5 0.03148 1
4 0.05906 0.5 0.01312 1
4 0.12532 0.5 0.02496 1
4 0.14887 0.5 0.0025 1
4 0.1618 0.5 0.00144 1
4 0.16559 0.5 0.00206 1
4 0.20396 0.5 0.05204 1
4 0.27099 0.5 0.02246 1
4 0.32069 0.5 0.00446 1
4 0.34264 0.5 0.00228 1
4 0.44821 0.5 0.00346 1
4 0.88342 0.5 0.00228 1
4 0.88858 0.5 0.00868 1
4 0.89454 0.5 0.00292 1
4 0.89701 0.5 0.00254 1
18 0.3455 0.5 0.00124 1
18 0.34931 0.5 0.0017 1
