8 0.01985 0.5 0.01414 1
8 0.03347 0.5 0.01306 1
8 0.04299 0.5 0.00594 1
8 0.06065 0.5 0.02934 1
8 0.0783 0.5 0.00592 1
8 0.08203 0.5 0.0015 1
8 0.36402 0.5 0.00976 1
8 0.411 0.5 0.08416 1
8 0.45797 0.5 0.00974 1
8 0.64055 0.5 0.00182 1
8 0.94647 0.5 0.00082 1
2 0.23851 0.5 0.0025 1
11 0.26216 0.5 0.00676 1
11 0.27736 0.5 0.01784 1
11 0.29597 0.5 0.0203 1
11 0.31301 0.5 0.00506 1
5 0.48555 0.5 0.0031 1
5 0.51798 0.5 0.00356 1
5 0.52271 0.5 0.00494 1
5 0.58073 0.5 0.01098 1
5 0.61009 0.5 0.00618 1
5 0.73919 0.5 0.00374 1
5 0.7449 0.5 0.0036 1
6 0.79622 0.5 0.00512 1
15 0.9183 0.5 0.00904 1
15 0.96785 0.5 0.01062 1
5 0.98711 0.5 0.00386 1
5 0.99266 0.5 0.00444 1
24 0.12518 0.5 0.00172 1
24 0.47463 0.5 0.01158 1
24 0.778 0.5 0.00912 1
1 0.76639 0.5 0.00302 1
4 0.63214 0.5 0.00864 1
18 0.08311 0.5 0.00062 1
18 0.09556 0.5 0.00104 1
18 0.56487 0.5 0.0007 1
18 0.58873 0.5 0.00094 1
18 0.68421 0.5 0.0009 1
18 0.9452 0.5 0.00084 1
18 0.956 0.5 0.00056 1
