21 0.77333 0.5 0.01314 1
21 0.78281 0.5 0.00682 1
21 0.79409 0.5 0.0169 1
21 0.80682 0.5 0.00628 1
21 0.81895 0.5 0.01714 1
2 0.02809 0.5 0.00678 1
15 0.11871 0.5 0.00854 1
2 0.12908 0.5 0.00544 1
2 0.14906 0.5 0.03332 1
15 0.433 0.5 0.0038 1
2 0.85736 0.5 0.0014 1
2 0.86268 0.5 0.0092 1
2 0.88497 0.5 0.02474 1
2 0.90572 0.5 0.00084 1
2 0.9107 0.5 0.00756 1
2 0.92609 0.5 0.02318 1
24 0.04076 0.5 0.01868 1
24 0.71671 0.5 0.00862 1
24 0.84682 0.5 0.0062 1
4 0.73233 0.5 0.0185 1
4 0.75075 0.5 0.00578 1
4 0.76603 0.5 0.00114 1
18 0.4749 0.5 0.00064 1
18 0.85293 0.5 0.00122 1
