21 0.08567 0.5 0.03114 1
21 0.11275 0.5 0.02298 1
21 0.12473 0.5 0.00078 1
21 0.2358 0.5 0.12136 1
21 0.30156 0.5 0.00996 1
21 0.31213 0.5 0.0113 1
21 0.32028 0.5 0.00432 1
21 0.35361 0.5 0.04298 1
21 0.37662 0.5 0.003 1
21 0.39299 0.5 0.0297 1
8 0.40568 0.5 0.00476 1
8 0.41085 0.5 0.00478 1
21 0.46859 0.5 0.10982 1
21 0.55351 0.5 0.04418 1
21 0.58621 0.5 0.02126 1
8 0.61161 0.5 0.02798 1
21 0.62685 0.5 0.00246 1
21 0.63619 0.5 0.0015 1
21 0.6487 0.5 0.01356 1
21 0.66507 0.5 0.01406 1
21 0.67551 0.5 0.00562 1
8 0.6842 0.5 0.00892 1
8 0.69248 0.5 0.00476 1
21 0.83989 0.5 0.03918 1
21 0.87914 0.5 0.03952 1
21 0.91114 0.5 0.02444 1
21 0.92493 0.5 0.00302 1
21 0.93151 0.5 0.0101 1
21 0.95146 0.5 0.02976 1
21 0.9784 0.5 0.02276 1
2 0.1284 0.5 0.00648 1
4 0.13278 0.5 0.00224 1
4 0.7125 0.5 0.0282 1
18 0.6567 0.5 0.001 1
18 0.73898 0.5 0.00148 1
