21 0.18383 0.5 0.00882 1
8 0.2896 0.5 0.00584 1
8 0.34575 0.5 0.00522 1
8 0.49486 0.5 0.0088 1
8 0.54571 0.5 0.00154 1
8 0.62159 0.5 0.00294 1
8 0.62795 0.5 0.00878 1
2 0.0089 0.5 0.00216 1
2 0.05073 0.5 0.00606 1
2 0.05932 0.5 0.00268 1
2 0.06448 0.5 0.00532 1
2 0.19082 0.5 0.00296 1
2 0.19286 0.5 0.00108 1
2 0.1964 0.5 0.00312 1
17 0.28519 0.5 0.00366 1
17 0.2939 0.5 0.00156 1
12 0.39588 0.5 0.0094 1
25 0.50495 0.5 0.00222 1
3 0.51714 0.5 0.02212 1
2 0.70789 0.5 0.02058 1
12 0.7797 0.5 0.00496 1
2 0.87669 0.5 0.00382 1
2 0.88394 0.5 0.00272 1
24 0.08036 0.5 0.001 1
24 0.53387 0.5 0.00178 1
4 0.01328 0.5 0.00612 1
4 0.0317 0.5 0.00492 1
4 0.04594 0.5 0.00344 1
4 0.31246 0.5 0.00196 1
4 0.42691 0.5 0.0041 1
4 0.5016 0.5 0.00124 1
18 0.364 0.5 0.00052 1
18 0.88866 0.5 0.00128 1
