21 0.0565 0.5 0.02516 1
21 0.079 0.5 0.0182 1
8 0.09032 0.5 0.0044 1
8 0.13588 0.5 0.0844 1
8 0.18017 0.5 0.00414 1
8 0.18328 0.5 0.00024 1
8 0.18356 0.5 0.00028 1
8 0.20129 0.5 0.03518 1
8 0.22391 0.5 0.01002 1
8 0.23303 0.5 0.00818 1
21 0.61742 0.5 0.01624 1
21 0.62532 0.5 0.00044 1
21 0.65074 0.5 0.05036 1
21 0.68419 0.5 0.0165 1
8 0.84274 0.5 0.02044 1
8 0.89222 0.5 0.073 1
11 0.02253 0.5 0.00918 1
11 0.03843 0.5 0.00306 1
11 0.04288 0.5 0.00204 1
2 0.24107 0.5 0.00718 1
5 0.28872 0.5 0.00612 1
5 0.29686 0.5 0.00828 1
5 0.30254 0.5 0.00084 1
5 0.3125 0.5 0.00692 1
5 0.3174 0.5 0.00364 1
5 0.33622 0.5 0.03404 1
5 0.36142 0.5 0.00296 1
5 0.36826 0.5 0.00404 1
2 0.38685 0.5 0.00542 1
25 0.48723 0.5 0.00298 1
25 0.48998 0.5 0.00248 1
2 0.57492 0.5 0.002 1
2 0.70914 0.5 0.00228 1
2 0.71283 0.5 0.0029 1
2 0.73567 0.5 0.00394 1
2 0.7396 0.5 0.00268 1
2 0.74904 0.5 0.0118 1
2 0.76148 0.5 0.00596 1
15 0.95696 0.5 0.00664 1
15 0.97358 0.5 0.01988 1
15 0.98675 0.5 0.00294 1
15 0.99524 0.5 0.01016 1
24 0.43375 0.5 0.01278 1
24 0.45354 0.5 0.02544 1
24 0.47001 0.5 0.0013 1
4 0.25978 0.5 0.02052 1
4 0.49403 0.5 0.0009 1
4 0.54533 0.5 0.03286 1
4 0.57193 0.5 0.00314 1
4 0.58332 0.5 0.00804 1
4 0.59065 0.5 0.0055 1
4 0.59773 0.5 0.00946 1
4 0.60247 0.5 0.0011 1
4 0.82828 0.5 0.00176 1
18 0.77915 0.5 0.00074 1
