21 0.02332 0.5 0.01884 1
21 0.07972 0.5 0.02396 1
21 0.14186 0.5 0.01688 1
21 0.15987 0.5 0.01906 1
21 0.18529 0.5 0.03174 1
21 0.35645 0.5 0.02238 1
21 0.76582 0.5 0.012 1
21 0.80837 0.5 0.07306 1
21 0.90291 0.5 0.1127 1
21 0.98448 0.5 0.05072 1
15 0.21883 0.5 0.0353 1
11 0.26221 0.5 0.04994 1
11 0.28815 0.5 0.0019 1
11 0.29152 0.5 0.0048 1
11 0.29282 0.5 0.0026 1
11 0.32085 0.5 0.04858 1
11 0.40809 0.5 0.06498 1
25 0.50874 0.5 0.00132 1
2 0.56267 0.5 0.07794 1
2 0.60349 0.5 0.00306 1
2 0.60978 0.5 0.0052 1
2 0.61462 0.5 0.00456 1
2 0.62846 0.5 0.0076 1
2 0.63391 0.5 0.0035 1
2 0.63681 0.5 0.00202 1
13 0.64385 0.5 0.00834 1
2 0.65492 0.5 0.01376 1
2 0.66806 0.5 0.01248 1
2 0.67728 0.5 0.006 1
2 0.68326 0.5 0.006 1
2 0.69629 0.5 0.0201 1
2 0.7162 0.5 0.02004 1
2 0.7492 0.5 0.00248 1
25 0.75381 0.5 0.00306 1
