8 0.54663 0.5 0.03454 1
8 0.59417 0.5 0.0505 1
5 0.23343 0.5 0.01054 1
2 0.37759 0.5 0.0011 1
2 0.37881 0.5 0.0031 1
16 0.40725 0.5 0.01554 1
5 0.49985 0.5 0.00362 1
5 0.50581 0.5 0.00378 1
5 0.63452 0.5 0.00304 1
2 0.92725 0.5 0.00238 1
24 0.06318 0.5 0.00888 1
24 0.94899 0.5 0.00306 1
24 0.9551 0.5 0.00852 1
24 0.96458 0.5 0.00244 1
24 0.97233 0.5 0.0063 1
4 0.13667 0.5 0.01186 1
4 0.44542 0.5 0.00948 1
4 0.45246 0.5 0.0048 1
4 0.45899 0.5 0.00626 1
4 0.47107 0.5 0.01786 1
4 0.48435 0.5 0.00326 1
18 0.24121 0.5 0.00094 1
