0 0.04103 0.5 0.0055 1
21 0.71712 0.5 0.01932 1
21 0.72771 0.5 0.0019 1
21 0.73471 0.5 0.00994 1
21 0.74309 0.5 0.00542 1
21 0.74751 0.5 0.00146 1
21 0.77963 0.5 0.06042 1
21 0.82147 0.5 0.02322 1
13 0.15234 0.5 0.0106 1
15 0.39122 0.5 0.00196 1
2 0.42788 0.5 0.02524 1
13 0.6357 0.5 0.01116 1
2 0.65151 0.5 0.0155 1
2 0.92594 0.5 0.00588 1
24 0.24821 0.5 0.00274 1
24 0.6078 0.5 0.00164 1
24 0.83393 0.5 0.00186 1
4 0.61333 0.5 0.01122 1
4 0.6719 0.5 0.00128 1
4 0.69122 0.5 0.00244 1
4 0.6998 0.5 0.0038 1
18 0.06136 0.5 0.00092 1
