8 0.04518 0.5 0.00888 1
8 0.87924 0.5 0.01264 1
8 0.92767 0.5 0.08418 1
8 0.9761 0.5 0.01264 1
8 0.99792 0.5 0.00176 1
2 0.10958 0.5 0.02196 1
25 0.13954 0.5 0.00216 1
12 0.26262 0.5 0.007 1
12 0.26939 0.5 0.00198 1
13 0.31139 0.5 0.00394 1
13 0.31712 0.5 0.0058 1
13 0.45821 0.5 0.01026 1
25 0.7365 0.5 0.0026 1
2 0.81345 0.5 0.03142 1
3 0.99506 0.5 0.00124 1
3 1.00163 0.5 0.0053 1
24 0.05349 0.5 0.00746 1
24 0.52883 0.5 0.0003 1
24 0.71597 0.5 0.00454 1
24 0.73185 0.5 0.00682 1
4 0.43663 0.5 0.01894 1
4 0.98863 0.5 0.00882 1
4 0.99387 0.5 0.00198 1
18 0.08861 0.5 0.0011 1
18 0.36622 0.5 0.00056 1
18 0.51285 0.5 0.00082 1
18 0.55264 0.5 0.00072 1
18 0.63506 0.5 0.00068 1
18 0.7799 0.5 0.00132 1
