2 0.05856 0.5 0.0014 1
2 0.06015 0.5 0.00146 1
13 0.13604 0.5 0.00276 1
13 0.1399 0.5 0.0052 1
5 0.15857 0.5 0.00158 1
5 0.16296 0.5 0.00612 1
5 0.17391 0.5 0.00222 1
25 0.17834 0.5 0.006 1
25 0.40864 0.5 0.00328 1
2 0.43895 0.5 0.01818 1
2 0.47814 0.5 0.00108 1
2 0.51302 0.5 0.04924 1
2 0.56927 0.5 0.06202 1
2 0.70042 0.5 0.2006 1
2 0.94766 0.5 0.07292 1
24 0.20791 0.5 0.00142 1
24 0.85621 0.5 0.00714 1
24 0.86064 0.5 0.00256 1
4 0.42089 0.5 0.0179 1
4 0.44975 0.5 0.00334 1
4 0.8805 0.5 0.0414 1
4 0.90653 0.5 0.0093 1
4 0.98662 0.5 0.00496 1
4 0.996 0.5 0.01304 1
18 0.82928 0.5 0.00148 1
18 0.82893 0.5 0.00074 1
18 0.85149 0.5 0.00066 1
