21 0.01972 0.5 0.02312 1
8 0.42686 0.5 0.00252 1
8 0.4291 0.5 0.00188 1
8 0.48723 0.5 0.00234 1
0 0.57687 0.5 0.00158 1
8 0.5927 0.5 0.00224 1
8 0.64471 0.5 0.00178 1
8 0.65312 0.5 0.00848 1
8 0.70161 0.5 0.08846 1
8 0.75012 0.5 0.00852 1
21 0.95162 0.5 0.00528 1
25 0.05828 0.5 0.00696 1
16 0.1608 0.5 0.0138 1
2 0.25394 0.5 0.00312 1
2 0.25743 0.5 0.0045 1
16 0.43583 0.5 0.00562 1
3 0.44624 0.5 0.01516 1
16 0.45585 0.5 0.00402 1
15 0.47193 0.5 0.01146 1
2 0.54452 0.5 0.00624 1
10 0.64696 0.5 0.00148 1
10 0.75554 0.5 0.00188 1
2 0.86037 0.5 0.00558 1
2 0.99958 0.5 0.00356 1
24 0.50458 0.5 0.00164 1
24 0.76553 0.5 0.00234 1
4 0.05396 0.5 0.00164 1
4 0.07616 0.5 0.02876 1
4 0.1047 0.5 0.00316 1
4 0.1388 0.5 0.019 1
4 0.1793 0.5 0.00168 1
4 0.1887 0.5 0.01664 1
4 0.25192 0.5 0.00088 1
18 0.11882 0.5 0.0008 1
18 0.23441 0.5 0.0011 1
18 0.30156 0.5 0.002 1
18 0.30667 0.5 0.00074 1
18 0.46196 0.5 0.00104 1
18 0.48342 0.5 0.00092 1
18 0.83743 0.5 0.00082 1
18 0.92621 0.5 0.00054 1
