0 0.03256 0.5 0.00236 1
21 0.50568 0.5 0.00388 1
8 0.58718 0.5 0.00392 1
8 0.81416 0.5 0.02596 1
8 0.8612 0.5 0.06792 1
8 0.90284 0.5 0.0158 1
8 0.91985 0.5 0.01414 1
8 0.93347 0.5 0.01306 1
8 0.94299 0.5 0.00594 1
8 0.96065 0.5 0.02934 1
8 0.9783 0.5 0.00592 1
8 0.98203 0.5 0.0015 1
15 0.10654 0.5 0.0026 1
2 0.23025 0.5 0.22518 1
13 0.38978 0.5 0.00572 1
10 0.56347 0.5 0.0021 1
3 0.5656 0.5 0.00184 1
3 0.56732 0.5 0.00032 1
16 0.56903 0.5 0.00306 1
3 0.57419 0.5 0.0031 1
5 0.5935 0.5 0.00324 1
15 0.59805 0.5 0.00578 1
5 0.60604 0.5 0.0024 1
2 0.6142 0.5 0.00192 1
2 0.61679 0.5 0.00278 1
2 0.65847 0.5 0.05854 1
2 0.69769 0.5 0.01682 1
2 0.73888 0.5 0.0538 1
24 0.10333 0.5 0.00342 1
24 0.37557 0.5 0.0069 1
4 0.45938 0.5 0.009 1
18 0.35458 0.5 0.00152 1
18 0.36745 0.5 0.00078 1
18 0.37091 0.5 0.00054 1
18 0.98311 0.5 0.00062 1
18 0.99556 0.5 0.00104 1
