21 0.01448 0.5 0.00232 1
8 0.28282 0.5 0.00268 1
8 0.33022 0.5 0.09208 1
8 0.37762 0.5 0.00268 1
8 0.85642 0.5 0.00376 1
8 0.89284 0.5 0.00332 1
21 0.99208 0.5 0.0018 1
21 0.9971 0.5 0.00688 1
17 0.00761 0.5 0.00694 1
2 0.02283 0.5 0.00298 1
2 0.02933 0.5 0.00406 1
15 0.39599 0.5 0.0079 1
25 0.54787 0.5 0.00158 1
2 0.74088 0.5 0.01524 1
2 0.75315 0.5 0.0071 1
24 0.03749 0.5 0.00402 1
24 0.77164 0.5 0.00344 1
4 0.03134 0.5 0.0018 1
4 0.57539 0.5 0.00178 1
4 0.59726 0.5 0.00144 1
4 0.60151 0.5 0.00694 1
4 0.86885 0.5 0.00378 1
4 0.8769 0.5 0.00216 1
4 0.92549 0.5 0.00086 1
18 0.02076 0.5 0.00072 1
18 0.55933 0.5 0.00062 1
18 0.59461 0.5 0.0009 1
18 0.64466 0.5 0.0008 1
18 0.92451 0.5 0.0007 1
