0 0.00823 0.5 0.00126 1
0 0.01819 0.5 0.00126 1
0 0.02811 0.5 0.00122 1
0 0.03811 0.5 0.00126 1
0 0.04805 0.5 0.00122 1
0 0.05805 0.5 0.00126 1
0 0.06801 0.5 0.00126 1
0 0.07797 0.5 0.00126 1
0 0.08789 0.5 0.00122 1
0 0.09789 0.5 0.00126 1
0 0.10785 0.5 0.00126 1
0 0.11779 0.5 0.00126 1
0 0.12775 0.5 0.00126 1
0 0.13771 0.5 0.00126 1
0 0.14767 0.5 0.00126 1
0 0.15763 0.5 0.00126 1
0 0.16759 0.5 0.00126 1
0 0.17755 0.5 0.00126 1
0 0.18751 0.5 0.00126 1
0 0.19747 0.5 0.00126 1
0 0.20741 0.5 0.00126 1
0 0.21735 0.5 0.00122 1
0 0.22735 0.5 0.00126 1
0 0.23727 0.5 0.00122 1
0 0.24727 0.5 0.00126 1
0 0.25721 0.5 0.00126 1
0 0.26717 0.5 0.00126 1
0 0.27713 0.5 0.00126 1
0 0.28711 0.5 0.00126 1
0 0.29707 0.5 0.00126 1
0 0.30703 0.5 0.00126 1
0 0.31699 0.5 0.00126 1
0 0.32695 0.5 0.00126 1
0 0.33691 0.5 0.00126 1
0 0.34687 0.5 0.00126 1
0 0.35683 0.5 0.00126 1
0 0.36679 0.5 0.00126 1
0 0.37675 0.5 0.00126 1
0 0.38671 0.5 0.00126 1
0 0.39667 0.5 0.00126 1
0 0.40665 0.5 0.00126 1
0 0.41661 0.5 0.00126 1
0 0.42659 0.5 0.00126 1
0 0.43655 0.5 0.00126 1
0 0.44651 0.5 0.00126 1
0 0.45647 0.5 0.00126 1
0 0.46643 0.5 0.00126 1
0 0.47639 0.5 0.00126 1
0 0.48635 0.5 0.00126 1
0 0.49631 0.5 0.00126 1
0 0.50627 0.5 0.00126 1
0 0.51623 0.5 0.00126 1
0 0.52619 0.5 0.00126 1
0 0.53615 0.5 0.00126 1
0 0.54615 0.5 0.00126 1
0 0.55611 0.5 0.00126 1
0 0.56605 0.5 0.00126 1
0 0.57603 0.5 0.00126 1
0 0.58599 0.5 0.00126 1
0 0.59595 0.5 0.00126 1
0 0.60591 0.5 0.00126 1
0 0.61589 0.5 0.00126 1
0 0.62585 0.5 0.00126 1
0 0.63581 0.5 0.00126 1
0 0.64577 0.5 0.00126 1
0 0.65575 0.5 0.00126 1
0 0.66569 0.5 0.00126 1
0 0.67567 0.5 0.00126 1
0 0.68561 0.5 0.00126 1
0 0.69559 0.5 0.00126 1
0 0.70557 0.5 0.00126 1
0 0.71553 0.5 0.00126 1
0 0.72549 0.5 0.00126 1
0 0.73547 0.5 0.00126 1
0 0.74545 0.5 0.00126 1
0 0.75543 0.5 0.00126 1
0 0.76541 0.5 0.00126 1
0 0.77539 0.5 0.00126 1
0 0.78535 0.5 0.00126 1
0 0.79531 0.5 0.00126 1
0 0.80529 0.5 0.00126 1
0 0.81527 0.5 0.00126 1
0 0.82525 0.5 0.00126 1
0 0.83521 0.5 0.00126 1
0 0.84517 0.5 0.00126 1
0 0.85515 0.5 0.00126 1
0 0.86513 0.5 0.00126 1
0 0.87509 0.5 0.00126 1
0 0.88505 0.5 0.00126 1
0 0.89503 0.5 0.00126 1
0 0.90497 0.5 0.00126 1
0 0.91493 0.5 0.00126 1
0 0.92487 0.5 0.00126 1
0 0.93485 0.5 0.00126 1
0 0.94481 0.5 0.00126 1
0 0.95479 0.5 0.00126 1
0 0.96475 0.5 0.00126 1
0 0.97471 0.5 0.00126 1
0 0.98457 0.5 0.00146 1
0 0.99461 0.5 0.00126 1
