21 0.02776 0.5 0.00644 1
21 0.04136 0.5 0.02084 1
21 0.05432 0.5 0.00496 1
21 0.52334 0.5 0.00276 1
0 0.53958 0.5 0.004 1
21 0.61838 0.5 0.00528 1
21 0.62671 0.5 0.00334 1
21 0.64046 0.5 0.02412 1
21 0.66729 0.5 0.0295 1
21 0.6854 0.5 0.0078 1
21 0.7043 0.5 0.0296 1
21 0.72088 0.5 0.00096 1
21 0.73369 0.5 0.02202 1
21 0.75584 0.5 0.02292 1
21 0.76848 0.5 0.00224 1
21 0.77907 0.5 0.00478 1
21 0.78365 0.5 0.00494 1
21 0.80832 0.5 0.00568 1
21 0.85596 0.5 0.0026 1
21 0.87479 0.5 0.0071 1
21 0.88242 0.5 0.00756 1
21 0.95166 0.5 0.00232 1
21 0.95368 0.5 0.00168 1
21 0.96438 0.5 0.01988 1
11 0.1667 0.5 0.00532 1
11 0.23761 0.5 0.11686 1
11 0.32968 0.5 0.04044 1
11 0.34825 0.5 0.00454 1
11 0.36848 0.5 0.02984 1
11 0.40723 0.5 0.00306 1
5 0.45092 0.5 0.00444 1
5 0.45983 0.5 0.00274 1
2 0.58948 0.5 0.01032 1
2 0.5963 0.5 0.0022 1
10 0.83743 0.5 0.00426 1
10 0.84719 0.5 0.01386 1
11 0.90182 0.5 0.00224 1
11 0.94344 0.5 0.0038 1
15 0.99182 0.5 0.01104 1
7 0.15895 0.5 0.00154 1
4 0.01927 0.5 0.00182 1
4 0.02086 0.5 0.00176 1
4 0.46819 0.5 0.00118 1
4 0.52601 0.5 0.0025 1
4 0.53197 0.5 0.01058 1
