21 0.00215 0.5 0.00234 1
21 0.00613 0.5 0.00458 1
8 0.03487 0.5 0.00982 1
21 0.06822 0.5 0.01432 1
21 0.09192 0.5 0.03088 1
21 0.12297 0.5 0.02742 1
21 0.14422 0.5 0.015 1
21 0.169 0.5 0.03232 1
21 0.18752 0.5 0.00332 1
21 0.20184 0.5 0.0014 1
21 0.21802 0.5 0.03184 1
21 0.2622 0.5 0.04556 1
21 0.28614 0.5 0.00228 1
21 0.29445 0.5 0.01398 1
21 0.31545 0.5 0.02666 1
21 0.34755 0.5 0.03786 1
21 0.38255 0.5 0.0321 1
21 0.4278 0.5 0.05836 1
21 0.46149 0.5 0.00874 1
21 0.46845 0.5 0.00534 1
21 0.49207 0.5 0.01522 1
21 0.50816 0.5 0.01728 1
21 0.52152 0.5 0.0094 1
21 0.56274 0.5 0.07224 1
21 0.62199 0.5 0.04666 1
21 0.64997 0.5 0.00926 1
21 0.65667 0.5 0.00406 1
21 0.66859 0.5 0.00286 1
21 0.68647 0.5 0.0075 1
21 0.69261 0.5 0.00514 1
21 0.7068 0.5 0.02296 1
21 0.72357 0.5 0.0115 1
21 0.73471 0.5 0.00986 1
21 0.74337 0.5 0.00794 1
21 0.75381 0.5 0.0129 1
21 0.78569 0.5 0.0035 1
21 0.79866 0.5 0.01568 1
21 0.80733 0.5 0.00174 1
21 0.80911 0.5 0.00258 1
21 0.81161 0.5 0.00342 1
21 0.83518 0.5 0.00128 1
21 0.84503 0.5 0.00262 1
21 0.91319 0.5 0.0011 1
21 0.95379 0.5 0.0023 1
2 0.05097 0.5 0.00242 1
2 1.02862 0.5 0.09368 1
