8 0.35394 0.5 0.00628 1
8 0.63074 0.5 0.00336 1
8 0.63635 0.5 0.00842 1
8 0.64406 0.5 0.0028 1
25 0.01323 0.5 0.00834 1
25 0.0231 0.5 0.00768 1
13 0.06676 0.5 0.00108 1
5 0.37976 0.5 0.00324 1
11 0.50921 0.5 0.0023 1
5 0.69107 0.5 0.00302 1
15 0.89159 0.5 0.03066 1
25 0.91592 0.5 0.00936 1
24 0.03936 0.5 0.00124 1
24 0.16067 0.5 0.00106 1
24 0.27603 0.5 0.00114 1
24 0.44765 0.5 0.00674 1
24 0.46196 0.5 0.01804 1
24 0.57066 0.5 0.04568 1
24 0.71548 0.5 0.00432 1
24 0.86078 0.5 0.00188 1
4 0.06145 0.5 0.0073 1
18 0.26204 0.5 0.0012 1
18 0.50361 0.5 0.00134 1
18 0.67082 0.5 0.00056 1
