21 0.2499 0.5 0.00268 1
21 0.27679 0.5 0.05106 1
21 0.31304 0.5 0.02072 1
21 0.33133 0.5 0.01582 1
21 0.35215 0.5 0.02606 1
21 0.36811 0.5 0.00582 1
21 0.37204 0.5 0.00208 1
21 0.38369 0.5 0.01062 1
21 0.44808 0.5 0.00912 1
21 0.45573 0.5 0.00418 1
2 0.06737 0.5 0.00218 1
2 0.24052 0.5 0.00436 1
2 0.88357 0.5 0.03154 1
24 0.44002 0.5 0.00748 1
4 0.48048 0.5 0.00424 1
4 0.5456 0.5 0.00424 1
4 0.61076 0.5 0.00424 1
4 0.67592 0.5 0.00424 1
4 0.74108 0.5 0.00424 1
4 0.80624 0.5 0.00424 1
4 0.90314 0.5 0.00424 1
4 0.9683 0.5 0.00424 1
18 0.16992 0.5 0.00168 1
