21 0.26922 0.5 0.00152 1
21 0.29831 0.5 0.02302 1
21 0.31156 0.5 0.0042 1
21 0.31607 0.5 0.0049 1
8 0.31834 0.5 0.0002 1
21 0.33504 0.5 0.03316 1
21 0.35721 0.5 0.0017 1
21 0.36317 0.5 0.00074 1
21 0.39182 0.5 0.0554 1
21 0.42 0.5 0.0016 1
21 0.42144 0.5 0.00168 1
21 0.4246 0.5 0.00204 1
21 0.4294 0.5 0.00652 1
21 0.44372 0.5 0.02316 1
21 0.46398 0.5 0.01708 1
21 0.50057 0.5 0.0039 1
21 0.60995 0.5 0.00134 1
21 0.61587 0.5 0.0069 1
21 0.64698 0.5 0.05528 1
21 0.71624 0.5 0.0698 1
21 0.79412 0.5 0.08268 1
21 0.83615 0.5 0.00134 1
21 0.84409 0.5 0.00178 1
21 0.85142 0.5 0.0098 1
21 0.88207 0.5 0.05034 1
21 0.91488 0.5 0.01548 1
21 0.92396 0.5 0.00264 1
21 0.97144 0.5 0.0936 1
2 0.16046 0.5 0.0396 1
2 0.2251 0.5 0.00428 1
2 0.23533 0.5 0.00554 1
2 0.23808 0.5 0.0026 1
11 0.47621 0.5 0.0021 1
11 0.48462 0.5 0.0114 1
2 0.51927 0.5 0.00562 1
2 0.52847 0.5 0.0015 1
2 0.53479 0.5 0.00434 1
2 0.54956 0.5 0.02392 1
4 0.5811 0.5 0.02732 1
