21 0.02938 0.5 0.02304 1
21 0.04363 0.5 0.00542 1
21 0.0924 0.5 0.091 1
21 0.14029 0.5 0.00514 1
21 0.54804 0.5 0.02316 1
2 0.36465 0.5 0.00154 1
2 0.37122 0.5 0.00276 1
2 0.37489 0.5 0.00222 1
2 0.38432 0.5 0.0122 1
2 0.39247 0.5 0.00418 1
2 0.39509 0.5 0.00122 1
25 0.50792 0.5 0.01172 1
11 0.5241 0.5 0.01988 1
11 0.56819 0.5 0.01698 1
2 0.65373 0.5 0.01354 1
11 0.75733 0.5 0.03142 1
5 0.87239 0.5 0.00198 1
11 0.88789 0.5 0.0057 1
11 0.89403 0.5 0.00142 1
11 0.94909 0.5 0.00738 1
11 0.98257 0.5 0.05978 1
24 0.63941 0.5 0.00718 1
24 0.66946 0.5 0.00616 1
24 0.67703 0.5 0.00146 1
24 0.6886 0.5 0.01028 1
24 0.79542 0.5 0.01384 1
4 0.14599 0.5 0.00622 1
4 0.16124 0.5 0.02424 1
4 0.1959 0.5 0.04616 1
4 0.29128 0.5 0.14528 1
4 0.40633 0.5 0.00142 1
4 0.41823 0.5 0.01754 1
4 0.49249 0.5 0.01838 1
4 0.60093 0.5 0.00126 1
4 0.6036 0.5 0.0028 1
4 0.60735 0.5 0.00134 1
4 0.84002 0.5 0.01252 1
18 0.86324 0.5 0.00108 1
18 0.91108 0.5 0.00116 1
