21 0.01736 0.5 0.019 1
21 0.03566 0.5 0.00344 1
21 0.03923 0.5 0.00198 1
21 0.0477 0.5 0.01016 1
21 0.05375 0.5 0.0005 1
21 0.06578 0.5 0.02352 1
21 0.16478 0.5 0.00104 1
21 0.16622 0.5 0.00156 1
21 0.17003 0.5 0.0039 1
21 0.1901 0.5 0.02364 1
21 0.22354 0.5 0.00372 1
21 0.22765 0.5 0.00434 1
21 0.23505 0.5 0.01006 1
21 0.28132 0.5 0.08244 1
21 0.33647 0.5 0.0245 1
21 0.3579 0.5 0.01764 1
21 0.37299 0.5 0.01198 1
21 0.42883 0.5 0.0345 1
21 0.46273 0.5 0.03326 1
21 0.48518 0.5 0.01188 1
21 0.55523 0.5 0.10914 1
21 0.77666 0.5 0.02468 1
21 0.79252 0.5 0.007 1
21 0.80495 0.5 0.0179 1
21 0.81441 0.5 0.00098 1
21 0.82246 0.5 0.0146 1
21 0.8426 0.5 0.02088 1
21 0.87418 0.5 0.04084 1
21 0.90215 0.5 0.00234 1
21 0.90613 0.5 0.00458 1
8 0.93487 0.5 0.00982 1
21 0.96822 0.5 0.01432 1
21 0.99192 0.5 0.03088 1
11 0.08281 0.5 0.0105 1
11 0.09201 0.5 0.00194 1
11 0.10891 0.5 0.0277 1
11 0.12499 0.5 0.00394 1
2 0.39395 0.5 0.00258 1
2 0.40467 0.5 0.01378 1
2 0.61327 0.5 0.0067 1
2 0.6174 0.5 0.00128 1
16 0.71164 0.5 0.01732 1
2 0.95097 0.5 0.00242 1
24 0.76314 0.5 0.00232 1
4 0.6892 0.5 0.02076 1
4 0.75602 0.5 0.01204 1
