8 0.5191 0.5 0.00344 1
21 0.79847 0.5 0.00666 1
13 0.28525 0.5 0.0011 1
6 0.40566 0.5 0.0046 1
15 0.55801 0.5 0.01142 1
3 0.79072 0.5 0.00388 1
6 0.83713 0.5 0.0047 1
13 0.98138 0.5 0.0008 1
13 0.98299 0.5 0.0009 1
13 0.98877 0.5 0.00342 1
13 0.99221 0.5 0.00418 1
13 0.99914 0.5 0.00376 1
24 0.72743 0.5 0.00146 1
24 0.88952 0.5 0.00196 1
4 0.65458 0.5 0.00192 1
4 0.65637 0.5 0.0021 1
4 0.71156 0.5 0.0156 1
4 0.8799 0.5 0.02076 1
18 0.28142 0.5 0.00056 1
18 0.3314 0.5 0.00072 1
18 0.39431 0.5 0.00114 1
18 0.48533 0.5 0.00118 1
18 0.93361 0.5 0.00086 1
