2 0.00764 0.5 0.00176 1
15 0.05468 0.5 0.00684 1
15 0.18777 0.5 0.0035 1
13 0.37566 0.5 0.00684 1
2 0.77255 0.5 0.00334 1
2 0.89127 0.5 0.00438 1
24 0.07447 0.5 0.00198 1
24 0.07616 0.5 0.00268 1
24 0.11203 0.5 0.01674 1
24 0.14321 0.5 0.03866 1
24 0.33591 0.5 0.00582 1
24 0.45034 0.5 0.00652 1
24 0.45855 0.5 0.00858 1
24 0.9005 0.5 0.00108 1
4 0.25357 0.5 0.00454 1
4 0.34316 0.5 0.00244 1
4 0.34814 0.5 0.00752 1
4 0.68699 0.5 0.00714 1
4 0.69177 0.5 0.00238 1
4 0.70114 0.5 0.01492 1
4 0.71582 0.5 0.0146 1
4 0.84778 0.5 0.02288 1
4 0.86106 0.5 0.0024 1
4 0.89701 0.5 0.00642 1
4 0.90884 0.5 0.01744 1
4 0.91863 0.5 0.00206 1
4 0.94954 0.5 0.00796 1
4 0.96732 0.5 0.00532 1
4 0.97244 0.5 0.00572 1
4 0.97998 0.5 0.00804 1
4 0.99644 0.5 0.01216 1
18 0.62156 0.5 0.00104 1
18 0.6802 0.5 0.00076 1
18 0.72894 0.5 0.00064 1
