8 0.06417 0.5 0.09694 1
8 0.11949 0.5 0.00834 1
8 0.12659 0.5 0.00562 1
8 0.19695 0.5 0.0063 1
21 0.371 0.5 0.0322 1
21 0.38743 0.5 0.00062 1
21 0.39785 0.5 0.02018 1
21 0.43052 0.5 0.04512 1
21 0.47223 0.5 0.03834 1
21 0.49962 0.5 0.0164 1
21 0.51041 0.5 0.00502 1
21 0.51804 0.5 0.00916 1
21 0.53642 0.5 0.02316 1
21 0.55603 0.5 0.01674 1
21 0.60351 0.5 0.07838 1
21 0.65431 0.5 0.02318 1
21 0.67984 0.5 0.01128 1
8 0.72738 0.5 0.01612 1
8 0.73981 0.5 0.00862 1
8 0.7531 0.5 0.01812 1
8 0.7795 0.5 0.03508 1
8 0.80531 0.5 0.00834 1
8 0.81246 0.5 0.00572 1
8 0.8408 0.5 0.00632 1
21 1.01331 0.5 0.03222 1
2 0.14394 0.5 0.02904 1
2 0.16577 0.5 0.00206 1
2 0.16996 0.5 0.00252 1
15 0.17241 0.5 0.00074 1
2 0.17334 0.5 0.001 1
15 0.27214 0.5 0.01264 1
5 0.28071 0.5 0.00186 1
15 0.29114 0.5 0.01332 1
15 0.31544 0.5 0.03108 1
12 0.67024 0.5 0.00744 1
15 0.81621 0.5 0.00074 1
2 0.81714 0.5 0.001 1
15 0.90957 0.5 0.00234 1
15 0.93156 0.5 0.01332 1
15 0.95646 0.5 0.033 1
4 0.22383 0.5 0.02058 1
4 0.24748 0.5 0.02528 1
4 0.69398 0.5 0.00228 1
4 0.69914 0.5 0.00868 1
4 0.70565 0.5 0.00402 1
4 0.71125 0.5 0.00394 1
4 0.71566 0.5 0.00432 1
4 0.86774 0.5 0.02008 1
4 0.87892 0.5 0.00096 1
4 0.89287 0.5 0.02566 1
18 0.28311 0.5 0.00262 1
18 0.85527 0.5 0.0007 1
