21 0.07701 0.5 0.03102 1
21 0.10256 0.5 0.02 1
21 0.12885 0.5 0.03254 1
21 0.15431 0.5 0.01834 1
21 0.18134 0.5 0.03556 1
21 0.20994 0.5 0.02156 1
21 0.26142 0.5 0.08144 1
21 0.31306 0.5 0.02184 1
21 0.33646 0.5 0.0256 1
21 0.35246 0.5 0.00168 1
21 0.38512 0.5 0.00088 1
21 0.49269 0.5 0.04982 1
21 0.55187 0.5 0.0685 1
21 0.60508 0.5 0.0016 1
21 0.61144 0.5 0.0012 1
21 0.61914 0.5 0.00176 1
21 0.6254 0.5 0.00296 1
21 0.64223 0.5 0.00374 1
21 0.64521 0.5 0.00222 1
21 0.65922 0.5 0.00128 1
21 0.66766 0.5 0.01556 1
21 0.69828 0.5 0.04564 1
2 0.80693 0.5 0.00246 1
2 0.81212 0.5 0.0078 1
2 0.84995 0.5 0.06802 1
2 0.96224 0.5 0.15712 1
4 0.41675 0.5 0.03194 1
4 0.43375 0.5 0.0019 1
4 0.45135 0.5 0.0017 1
