21 0.00472 0.5 0.00084 1
21 0.02344 0.5 0.01144 1
21 0.04937 0.5 0.01758 1
21 0.05909 0.5 0.00166 1
21 0.08309 0.5 0.03418 1
21 0.11159 0.5 0.00818 1
21 0.11829 0.5 0.0051 1
21 0.12745 0.5 0.00486 1
21 0.14258 0.5 0.02536 1
21 0.17253 0.5 0.03458 1
21 0.21388 0.5 0.0482 1
21 0.23887 0.5 0.00226 1
21 0.24526 0.5 0.01048 1
21 0.2661 0.5 0.02932 1
21 0.29237 0.5 0.02318 1
21 0.32803 0.5 0.0481 1
21 0.38809 0.5 0.05242 1
21 0.42361 0.5 0.01654 1
21 0.44871 0.5 0.03362 1
21 0.4944 0.5 0.01336 1
21 0.51997 0.5 0.00102 1
21 0.53184 0.5 0.02276 1
21 0.5481 0.5 0.00972 1
21 0.56133 0.5 0.0167 1
21 0.57713 0.5 0.01486 1
21 0.58866 0.5 0.00676 1
21 0.70671 0.5 0.00682 1
21 0.7255 0.5 0.02044 1
21 0.75242 0.5 0.03336 1
21 0.77595 0.5 0.00462 1
21 0.79254 0.5 0.0216 1
21 0.81448 0.5 0.00392 1
21 0.86765 0.5 0.10166 1
2 0.46817 0.5 0.00202 1
2 0.48032 0.5 0.01476 1
15 0.50479 0.5 0.00734 1
15 0.51705 0.5 0.00478 1
2 0.60262 0.5 0.02112 1
2 0.62925 0.5 0.00546 1
2 0.64645 0.5 0.00342 1
5 0.6704 0.5 0.00184 1
2 0.92575 0.5 0.0077 1
2 0.93667 0.5 0.01246 1
2 0.95739 0.5 0.02674 1
11 1.0572 0.5 0.17284 1
4 0.68511 0.5 0.00194 1
4 0.69556 0.5 0.01484 1
