0 0.00177 0.5 0.00126 1
0 0.01175 0.5 0.00126 1
0 0.02171 0.5 0.00126 1
0 0.03167 0.5 0.00126 1
0 0.04161 0.5 0.00126 1
0 0.05157 0.5 0.00126 1
0 0.06155 0.5 0.00126 1
0 0.07151 0.5 0.00126 1
0 0.08147 0.5 0.00126 1
0 0.09143 0.5 0.00126 1
0 0.10139 0.5 0.00126 1
0 0.11137 0.5 0.00126 1
0 0.12131 0.5 0.00126 1
0 0.13127 0.5 0.00126 1
0 0.14123 0.5 0.00126 1
0 0.15119 0.5 0.00126 1
0 0.16113 0.5 0.00126 1
0 0.17109 0.5 0.00126 1
0 0.18107 0.5 0.00126 1
0 0.19103 0.5 0.00126 1
0 0.20097 0.5 0.00126 1
0 0.21093 0.5 0.00126 1
0 0.22087 0.5 0.00126 1
0 0.23083 0.5 0.00126 1
0 0.24079 0.5 0.00126 1
0 0.25075 0.5 0.00126 1
0 0.26071 0.5 0.00126 1
0 0.27067 0.5 0.00126 1
0 0.28061 0.5 0.00126 1
0 0.29059 0.5 0.00126 1
0 0.30055 0.5 0.00126 1
0 0.31051 0.5 0.00126 1
0 0.32047 0.5 0.00126 1
0 0.33041 0.5 0.00126 1
0 0.34037 0.5 0.00126 1
0 0.35033 0.5 0.00126 1
0 0.36027 0.5 0.00126 1
0 0.37025 0.5 0.00126 1
0 0.38021 0.5 0.00126 1
0 0.39017 0.5 0.00126 1
0 0.40013 0.5 0.00126 1
0 0.41009 0.5 0.00126 1
0 0.42003 0.5 0.00126 1
0 0.42995 0.5 0.00122 1
0 0.43993 0.5 0.00126 1
0 0.44989 0.5 0.00126 1
0 0.45983 0.5 0.00126 1
0 0.46977 0.5 0.00126 1
0 0.47973 0.5 0.00126 1
0 0.48969 0.5 0.00126 1
0 0.49963 0.5 0.00126 1
0 0.50961 0.5 0.00126 1
0 0.51959 0.5 0.00126 1
0 0.52955 0.5 0.00126 1
0 0.53953 0.5 0.00126 1
0 0.54951 0.5 0.00126 1
0 0.55947 0.5 0.00126 1
0 0.56943 0.5 0.00126 1
0 0.57939 0.5 0.00126 1
0 0.58935 0.5 0.00126 1
0 0.59929 0.5 0.00126 1
0 0.60925 0.5 0.00126 1
0 0.61919 0.5 0.00122 1
0 0.62907 0.5 0.00142 1
0 0.63917 0.5 0.00126 1
0 0.64911 0.5 0.00122 1
0 0.65911 0.5 0.00126 1
0 0.66909 0.5 0.00126 1
0 0.67903 0.5 0.00126 1
0 0.68901 0.5 0.00126 1
0 0.69897 0.5 0.00122 1
0 0.70897 0.5 0.00126 1
0 0.71889 0.5 0.00122 1
0 0.72889 0.5 0.00126 1
0 0.73885 0.5 0.00126 1
0 0.74877 0.5 0.00122 1
0 0.75877 0.5 0.00126 1
0 0.76869 0.5 0.00122 1
0 0.77869 0.5 0.00126 1
0 0.78867 0.5 0.00126 1
0 0.79859 0.5 0.00122 1
0 0.80859 0.5 0.00126 1
0 0.81857 0.5 0.00126 1
0 0.82849 0.5 0.00122 1
0 0.83849 0.5 0.00126 1
0 0.84847 0.5 0.00126 1
0 0.85843 0.5 0.00126 1
0 0.86839 0.5 0.00126 1
0 0.87835 0.5 0.00126 1
0 0.88831 0.5 0.00126 1
0 0.89823 0.5 0.00122 1
0 0.90823 0.5 0.00126 1
0 0.91819 0.5 0.00126 1
0 0.92811 0.5 0.00122 1
0 0.93811 0.5 0.00126 1
0 0.94805 0.5 0.00122 1
0 0.95805 0.5 0.00126 1
0 0.96801 0.5 0.00126 1
0 0.97797 0.5 0.00126 1
0 0.98789 0.5 0.00122 1
0 0.99789 0.5 0.00126 1
