21 0.01976 0.5 0.0238 1
21 0.07313 0.5 0.08254 1
21 0.11926 0.5 0.00968 1
21 0.1508 0.5 0.05456 1
21 0.17869 0.5 0.00102 1
8 0.19641 0.5 0.01122 1
21 0.37001 0.5 0.08282 1
21 0.42929 0.5 0.0357 1
21 0.50141 0.5 0.1085 1
8 0.5577 0.5 0.00408 1
21 0.56417 0.5 0.00882 1
8 0.56958 0.5 0.00196 1
21 0.61501 0.5 0.08886 1
21 0.69374 0.5 0.0468 1
21 0.72181 0.5 0.00882 1
21 0.74171 0.5 0.03102 1
21 0.77393 0.5 0.03338 1
21 0.80774 0.5 0.0342 1
21 0.82936 0.5 0.00892 1
21 0.85965 0.5 0.02074 1
21 0.89877 0.5 0.0363 1
21 0.93286 0.5 0.03184 1
21 0.96548 0.5 0.03336 1
21 0.9993 0.5 0.03424 1
11 0.18507 0.5 0.01142 1
11 0.20542 0.5 0.00676 1
2 0.27121 0.5 0.11466 1
