8 0.01944 0.5 0.00116 1
8 0.08476 0.5 0.00116 1
8 0.27461 0.5 0.00086 1
21 0.3042 0.5 0.00164 1
2 0.03821 0.5 0.00394 1
2 0.04544 0.5 0.00252 1
2 0.05511 0.5 0.01626 1
11 0.07429 0.5 0.01978 1
2 0.11074 0.5 0.00252 1
2 0.12041 0.5 0.01626 1
25 0.74139 0.5 0.00486 1
25 0.91403 0.5 0.00598 1
24 0.81841 0.5 0.00538 1
1 0.40145 0.5 0.00486 1
4 0.36366 0.5 0.00036 1
4 0.37087 0.5 0.01238 1
18 0.10561 0.5 0.00086 1
18 0.14383 0.5 0.00062 1
18 0.17635 0.5 0.00082 1
18 0.22156 0.5 0.00104 1
18 0.47821 0.5 0.00054 1
18 0.64333 0.5 0.00062 1
18 0.72215 0.5 0.00066 1
18 0.7673 0.5 0.00056 1
18 0.79796 0.5 0.0024 1
18 0.89613 0.5 0.00062 1
18 0.95975 0.5 0.00074 1
