21 0.00382 0.5 0.00344 1
21 0.0228 0.5 0.03312 1
21 0.05516 0.5 0.02944 1
21 0.08051 0.5 0.02122 1
21 0.09603 0.5 0.0103 1
21 0.11887 0.5 0.03382 1
21 0.13924 0.5 0.00376 1
21 0.15951 0.5 0.0211 1
21 0.17782 0.5 0.00508 1
21 0.19208 0.5 0.02272 1
21 0.20619 0.5 0.00554 1
21 0.2184 0.5 0.01908 1
21 0.23807 0.5 0.0203 1
8 0.36674 0.5 0.02732 1
8 0.38208 0.5 0.00316 1
21 0.38506 0.5 0.00264 1
21 0.39833 0.5 0.02386 1
21 0.41455 0.5 0.00854 1
21 0.42643 0.5 0.01518 1
21 0.46153 0.5 0.05502 1
21 0.50741 0.5 0.02574 1
21 0.53077 0.5 0.02094 1
21 0.55918 0.5 0.03484 1
21 0.59875 0.5 0.04426 1
21 0.63785 0.5 0.03382 1
21 0.67335 0.5 0.02506 1
21 0.69258 0.5 0.01348 1
21 0.73433 0.5 0.06998 1
21 0.78695 0.5 0.0331 1
21 0.82705 0.5 0.0211 1
21 0.84281 0.5 0.0071 1
21 0.85672 0.5 0.01392 1
21 0.91257 0.5 0.09774 1
21 0.97701 0.5 0.03102 1
21 1.00256 0.5 0.02 1
2 0.27688 0.5 0.05724 1
2 0.32778 0.5 0.04476 1
2 0.35188 0.5 0.0018 1
