8 0.04236 0.5 0.0294 1
8 0.05985 0.5 0.00566 1
8 0.26411 0.5 0.00434 1
8 0.68583 0.5 0.00962 1
8 0.73279 0.5 0.08426 1
8 0.78034 0.5 0.0108 1
5 0.27285 0.5 0.01214 1
25 0.4276 0.5 0.00952 1
25 0.44134 0.5 0.00904 1
25 0.45385 0.5 0.01594 1
2 0.60372 0.5 0.00376 1
2 0.78753 0.5 0.0027 1
2 0.9557 0.5 0.05056 1
6 1.00094 0.5 0.00304 1
4 0.01468 0.5 0.02144 1
4 0.10814 0.5 0.00228 1
4 0.24395 0.5 0.01798 1
4 0.2572 0.5 0.00848 1
4 0.61751 0.5 0.00078 1
4 0.62063 0.5 0.0061 1
4 0.63343 0.5 0.01946 1
4 0.92606 0.5 0.00536 1
4 0.98515 0.5 0.00442 1
