21 0.04233 0.5 0.03258 1
21 0.07407 0.5 0.03086 1
21 0.09317 0.5 0.00702 1
21 0.10247 0.5 0.01154 1
21 0.1144 0.5 0.004 1
21 0.12318 0.5 0.00576 1
21 0.12991 0.5 0.00762 1
21 0.14372 0.5 0.0092 1
21 0.17223 0.5 0.00734 1
21 0.18779 0.5 0.02374 1
21 0.20767 0.5 0.01598 1
21 0.24143 0.5 0.05146 1
21 0.27326 0.5 0.01324 1
21 0.2834 0.5 0.00756 1
21 0.47015 0.5 0.03398 1
21 0.52142 0.5 0.06852 1
21 0.57848 0.5 0.04424 1
21 0.63221 0.5 0.06166 1
21 0.68024 0.5 0.03428 1
21 0.69918 0.5 0.00332 1
21 0.75323 0.5 0.10518 1
21 0.82151 0.5 0.03134 1
21 0.96547 0.5 0.01786 1
21 0.97791 0.5 0.00702 1
21 0.99968 0.5 0.03648 1
2 0.11035 0.5 0.00402 1
2 0.15266 0.5 0.0016 1
2 0.16123 0.5 0.0145 1
2 0.28893 0.5 0.00346 1
2 0.32507 0.5 0.05958 1
2 0.37962 0.5 0.0408 1
2 0.43692 0.5 0.03244 1
2 0.84922 0.5 0.02404 1
2 0.86915 0.5 0.01566 1
2 0.88207 0.5 0.01022 1
2 0.90096 0.5 0.0276 1
4 0.92342 0.5 0.01492 1
4 0.93949 0.5 0.00894 1
4 0.95209 0.5 0.00886 1
