0 0.29215 0.5 0.0069 1
0 0.29673 0.5 0.00222 1
0 0.29831 0.5 0.0009 1
0 0.29936 0.5 0.00072 1
5 0.51097 0.5 0.0069 1
5 0.51904 0.5 0.00924 1
2 0.73916 0.5 0.00476 1
2 0.74423 0.5 0.00518 1
2 0.74887 0.5 0.00386 1
2 0.75261 0.5 0.00294 1
2 0.75656 0.5 0.00476 1
24 0.35376 0.5 0.00356 1
24 0.36611 0.5 0.00502 1
24 0.37166 0.5 0.0058 1
24 0.37835 0.5 0.00842 1
4 0.38705 0.5 0.00382 1
4 0.41978 0.5 0.00272 1
4 0.4243 0.5 0.00272 1
4 0.43114 0.5 0.0112 1
4 0.50391 0.5 0.00434 1
18 0.52439 0.5 0.0007 1
18 0.66545 0.5 0.00058 1
