21 0.00617 0.5 0.0103 1
21 0.01889 0.5 0.0151 1
21 0.0442 0.5 0.03548 1
21 0.07008 0.5 0.01616 1
21 0.08217 0.5 0.00802 1
21 0.09384 0.5 0.0156 1
21 0.10292 0.5 0.00256 1
8 0.11026 0.5 0.01208 1
8 0.12307 0.5 0.01334 1
8 0.13508 0.5 0.0028 1
8 0.15735 0.5 0.03482 1
8 0.21684 0.5 0.08392 1
21 0.26707 0.5 0.01634 1
21 0.28611 0.5 0.00678 1
21 0.32002 0.5 0.0552 1
21 0.3527 0.5 0.01004 1
21 0.38536 0.5 0.05524 1
21 0.43276 0.5 0.02764 1
21 0.44816 0.5 0.00292 1
21 0.45652 0.5 0.0048 1
21 0.49936 0.5 0.08076 1
21 0.55187 0.5 0.02386 1
21 0.56705 0.5 0.00646 1
21 0.57724 0.5 0.01256 1
21 0.58503 0.5 0.00118 1
21 0.58528 0.5 0.001 1
21 0.61737 0.5 0.06062 1
21 0.65961 0.5 0.02382 1
21 0.67323 0.5 0.0033 1
21 0.69147 0.5 0.02734 1
11 0.71267 0.5 0.01222 1
11 0.73626 0.5 0.0014 1
2 0.77989 0.5 0.01686 1
2 0.82175 0.5 0.06694 1
11 0.89635 0.5 0.08222 1
11 0.95136 0.5 0.02784 1
