21 0.01695 0.5 0.02566 1
21 0.03422 0.5 0.0088 1
21 0.05202 0.5 0.02676 1
21 0.06799 0.5 0.00262 1
21 0.07366 0.5 0.00152 1
21 0.07548 0.5 0.00296 1
21 0.08273 0.5 0.01134 1
21 0.11638 0.5 0.05112 1
21 0.15928 0.5 0.03464 1
21 0.18247 0.5 0.01182 1
21 0.19174 0.5 0.00684 1
21 0.20904 0.5 0.02744 1
21 0.23565 0.5 0.02314 1
21 0.2588 0.5 0.02312 1
21 0.28467 0.5 0.02858 1
21 0.31096 0.5 0.02396 1
21 0.34286 0.5 0.03824 1
21 0.36388 0.5 0.00144 1
21 0.36661 0.5 0.0021 1
21 0.37202 0.5 0.00872 1
21 0.38851 0.5 0.02422 1
21 0.41866 0.5 0.03612 1
21 0.43975 0.5 0.00602 1
21 0.45143 0.5 0.0175 1
21 0.4822 0.5 0.04472 1
21 0.51619 0.5 0.02322 1
21 0.53877 0.5 0.00906 1
21 0.55984 0.5 0.03148 1
21 0.57937 0.5 0.00742 1
21 0.59486 0.5 0.02356 1
21 0.61206 0.5 0.0108 1
21 0.62737 0.5 0.01974 1
21 0.6481 0.5 0.0128 1
21 0.6552 0.5 0.00072 1
21 0.66054 0.5 0.00372 1
21 0.66342 0.5 0.00216 1
21 0.68544 0.5 0.0418 1
21 0.73301 0.5 0.01074 1
21 0.74441 0.5 0.01178 1
21 0.75202 0.5 0.00384 1
8 0.75991 0.5 0.00814 1
8 0.80553 0.5 0.08306 1
21 0.8543 0.5 0.0112 1
21 0.87013 0.5 0.02022 1
21 0.88663 0.5 0.01274 1
21 0.98036 0.5 0.1748 1
2 0.70949 0.5 0.00658 1
2 0.72412 0.5 0.007 1
