8 0.44786 0.5 0.00192 1
8 0.45231 0.5 0.00454 1
8 0.49714 0.5 0.08508 1
8 0.54068 0.5 0.00192 1
8 0.54654 0.5 0.00764 1
21 0.74185 0.5 0.00902 1
8 0.84011 0.5 0.00374 1
8 0.8769 0.5 0.00756 1
8 0.92283 0.5 0.08426 1
8 0.96877 0.5 0.00758 1
2 0.16929 0.5 0.0089 1
2 0.179 0.5 0.00744 1
2 0.18632 0.5 0.00764 1
2 0.27749 0.5 0.1749 1
19 0.42436 0.5 0.00472 1
15 0.67127 0.5 0.0087 1
15 0.67743 0.5 0.00186 1
6 0.72406 0.5 0.00524 1
2 0.81263 0.5 0.00614 1
2 0.97712 0.5 0.00556 1
2 0.97922 0.5 0.00656 1
2 0.98389 0.5 0.0059 1
24 0.76705 0.5 0.00418 1
4 0.4343 0.5 0.0034 1
18 0.68207 0.5 0.00098 1
18 0.68822 0.5 0.00088 1
18 0.7007 0.5 0.00088 1
18 0.70685 0.5 0.00094 1
18 0.71312 0.5 0.00096 1
18 0.71903 0.5 0.00086 1
18 0.73665 0.5 0.00078 1
18 0.7474 0.5 0.00088 1
18 0.98908 0.5 0.0014 1
