8 0.53817 0.5 0.0027 1
8 0.53988 0.5 0.00072 1
15 0.19206 0.5 0.0032 1
13 0.19687 0.5 0.00214 1
2 0.32157 0.5 0.00366 1
2 0.33862 0.5 0.00828 1
2 0.34507 0.5 0.0033 1
2 0.40668 0.5 0.02948 1
2 0.47418 0.5 0.0022 1
2 0.50641 0.5 0.05018 1
11 0.58082 0.5 0.00888 1
11 0.58872 0.5 0.00704 1
11 0.59329 0.5 0.00226 1
11 0.60465 0.5 0.01002 1
11 0.62309 0.5 0.02074 1
2 0.73441 0.5 0.11606 1
2 0.83093 0.5 0.07514 1
2 0.95856 0.5 0.0014 1
2 0.96015 0.5 0.00146 1
4 0.55495 0.5 0.00154 1
18 0.11982 0.5 0.00104 1
18 0.22447 0.5 0.00182 1
18 0.22662 0.5 0.00088 1
18 0.38358 0.5 0.00064 1
18 0.44479 0.5 0.0007 1
18 0.59545 0.5 0.00054 1
