0 0.00497 0.5 0.00126 1
0 0.01493 0.5 0.00126 1
0 0.02487 0.5 0.00126 1
0 0.03485 0.5 0.00126 1
0 0.04481 0.5 0.00126 1
0 0.05479 0.5 0.00126 1
0 0.06475 0.5 0.00126 1
0 0.07471 0.5 0.00126 1
0 0.08457 0.5 0.00146 1
0 0.09461 0.5 0.00126 1
0 0.10457 0.5 0.00126 1
0 0.11453 0.5 0.00126 1
0 0.12449 0.5 0.00126 1
0 0.13445 0.5 0.00126 1
0 0.14441 0.5 0.00126 1
0 0.15435 0.5 0.00122 1
0 0.16429 0.5 0.00126 1
0 0.17425 0.5 0.00126 1
0 0.18421 0.5 0.00126 1
0 0.19417 0.5 0.00126 1
0 0.20413 0.5 0.00126 1
0 0.21409 0.5 0.00126 1
0 0.22405 0.5 0.00126 1
0 0.23401 0.5 0.00126 1
0 0.24397 0.5 0.00126 1
0 0.26327 0.5 0.00126 1
0 0.27319 0.5 0.00126 1
0 0.28315 0.5 0.00126 1
0 0.29311 0.5 0.00126 1
0 0.30303 0.5 0.00126 1
0 0.31299 0.5 0.00126 1
0 0.32295 0.5 0.00126 1
0 0.33291 0.5 0.00126 1
0 0.34287 0.5 0.00126 1
0 0.35283 0.5 0.00126 1
0 0.36281 0.5 0.00126 1
0 0.37273 0.5 0.00126 1
0 0.38269 0.5 0.00126 1
0 0.39269 0.5 0.00126 1
0 0.40265 0.5 0.00126 1
0 0.41261 0.5 0.00126 1
0 0.42253 0.5 0.00126 1
0 0.43249 0.5 0.00126 1
0 0.44243 0.5 0.00126 1
0 0.45239 0.5 0.00126 1
0 0.46239 0.5 0.00126 1
0 0.47235 0.5 0.00126 1
0 0.49165 0.5 0.00126 1
0 0.51095 0.5 0.00126 1
0 0.52081 0.5 0.00126 1
0 0.53081 0.5 0.00126 1
0 0.54077 0.5 0.00126 1
0 0.55073 0.5 0.00126 1
0 0.56073 0.5 0.00126 1
0 0.57069 0.5 0.00126 1
0 0.58065 0.5 0.00126 1
0 0.59061 0.5 0.00126 1
0 0.60057 0.5 0.00126 1
0 0.61053 0.5 0.00126 1
0 0.62053 0.5 0.00126 1
0 0.63049 0.5 0.00126 1
0 0.64045 0.5 0.00126 1
0 0.65041 0.5 0.00126 1
0 0.66971 0.5 0.00126 1
0 0.67961 0.5 0.00126 1
0 0.68955 0.5 0.00126 1
0 0.69951 0.5 0.00126 1
0 0.71881 0.5 0.00126 1
0 0.73811 0.5 0.00126 1
0 0.74807 0.5 0.00126 1
0 0.76737 0.5 0.00126 1
0 0.77733 0.5 0.00126 1
0 0.78729 0.5 0.00126 1
0 0.80659 0.5 0.00126 1
0 0.81655 0.5 0.00126 1
0 0.82651 0.5 0.00126 1
0 0.83647 0.5 0.00126 1
0 0.84643 0.5 0.00126 1
0 0.85643 0.5 0.00126 1
0 0.86639 0.5 0.00126 1
0 0.87635 0.5 0.00126 1
0 0.89565 0.5 0.00126 1
0 0.90561 0.5 0.00126 1
0 0.91557 0.5 0.00126 1
0 0.92557 0.5 0.00126 1
0 0.93557 0.5 0.00126 1
0 0.94553 0.5 0.00126 1
0 0.95549 0.5 0.00126 1
0 0.96545 0.5 0.00126 1
0 0.97541 0.5 0.00126 1
0 0.98537 0.5 0.00126 1
0 0.99533 0.5 0.00126 1
