21 0.01382 0.5 0.0118 1
21 0.03352 0.5 0.0016 1
8 0.0397 0.5 0.00216 1
21 0.06841 0.5 0.02506 1
21 0.09138 0.5 0.01692 1
21 0.13526 0.5 0.07128 1
21 0.208 0.5 0.07436 1
21 0.24735 0.5 0.00302 1
21 0.24893 0.5 0.00078 1
21 0.25055 0.5 0.00322 1
21 0.2725 0.5 0.02368 1
21 0.39933 0.5 0.15526 1
21 0.48183 0.5 0.00958 1
21 0.5218 0.5 0.00148 1
21 0.53301 0.5 0.01962 1
21 0.55071 0.5 0.01574 1
21 0.56336 0.5 0.00952 1
8 0.56622 0.5 0.00512 1
21 0.58211 0.5 0.02842 1
21 0.7097 0.5 0.03976 1
21 0.73922 0.5 0.01924 1
21 0.76838 0.5 0.03976 1
21 0.98782 0.5 0.01104 1
21 1.00512 0.5 0.0242 1
11 0.25496 0.5 0.00352 1
13 0.28536 0.5 0.00192 1
11 0.30235 0.5 0.00038 1
11 0.30653 0.5 0.0035 1
13 0.31246 0.5 0.00296 1
11 0.49623 0.5 0.00266 1
11 0.49925 0.5 0.0035 1
11 0.50181 0.5 0.00058 1
2 0.51079 0.5 0.00186 1
13 0.51324 0.5 0.003 1
2 0.6538 0.5 0.01016 1
3 0.68122 0.5 0.01716 1
24 0.51963 0.5 0.00218 1
24 0.61846 0.5 0.04424 1
24 0.84834 0.5 0.1118 1
4 0.64482 0.5 0.00776 1
4 0.67074 0.5 0.00376 1
4 0.78962 0.5 0.0024 1
4 0.92664 0.5 0.00224 1
