21 0.78144 0.5 0.00076 1
21 0.78703 0.5 0.00246 1
8 0.85138 0.5 0.0284 1
21 0.86704 0.5 0.00288 1
25 0.09638 0.5 0.00124 1
2 0.17084 0.5 0.00132 1
2 0.17348 0.5 0.00392 1
2 0.17575 0.5 0.00058 1
2 0.29387 0.5 0.0011 1
2 0.29661 0.5 0.00446 1
2 0.66225 0.5 0.00754 1
2 0.88206 0.5 0.00176 1
24 0.03991 0.5 0.00174 1
24 0.07091 0.5 0.00106 1
24 0.3263 0.5 0.00148 1
24 0.35158 0.5 0.00992 1
24 0.75574 0.5 0.01688 1
24 0.81923 0.5 0.03566 1
4 0.06734 0.5 0.00188 1
4 0.07606 0.5 0.01108 1
4 0.09947 0.5 0.00082 1
4 0.34083 0.5 0.0037 1
4 0.34343 0.5 0.00178 1
4 0.57451 0.5 0.00134 1
4 0.58964 0.5 0.02816 1
4 0.88442 0.5 0.00328 1
18 0.18272 0.5 0.00084 1
18 0.95188 0.5 0.00068 1
