8 0.03686 0.5 0.01012 1
21 0.26882 0.5 0.0036 1
0 0.68583 0.5 0.00446 1
8 0.79709 0.5 0.0025 1
8 0.9244 0.5 0.00772 1
21 0.94182 0.5 0.02264 1
21 1.00816 0.5 0.11072 1
15 0.02028 0.5 0.01264 1
2 0.31112 0.5 0.00184 1
2 0.3134 0.5 0.00596 1
15 0.78983 0.5 0.00306 1
5 0.8019 0.5 0.0038 1
13 0.86866 0.5 0.00164 1
13 0.87525 0.5 0.00874 1
24 0.22561 0.5 0.00194 1
24 0.48203 0.5 0.00154 1
24 0.49708 0.5 0.00176 1
24 0.5203 0.5 0.02176 1
24 0.53406 0.5 0.00584 1
24 0.53782 0.5 0.00148 1
4 0.0901 0.5 0.00156 1
4 0.22085 0.5 0.01086 1
4 0.26634 0.5 0.00164 1
4 0.27503 0.5 0.0041 1
4 0.29857 0.5 0.00158 1
4 0.30036 0.5 0.00208 1
4 0.47395 0.5 0.01726 1
