8 0.2692 0.5 0.01024 1
8 0.27593 0.5 0.00318 1
8 0.93686 0.5 0.01012 1
5 0.02282 0.5 0.00772 1
5 0.02945 0.5 0.00526 1
2 0.03473 0.5 0.0009 1
16 0.07891 0.5 0.01586 1
3 0.11582 0.5 0.0018 1
15 0.16621 0.5 0.00758 1
25 0.20491 0.5 0.00634 1
25 0.21751 0.5 0.00338 1
10 0.24938 0.5 0.00544 1
2 0.25924 0.5 0.00988 1
25 0.39916 0.5 0.00172 1
15 0.66754 0.5 0.00076 1
15 0.67058 0.5 0.00616 1
15 0.67539 0.5 0.00186 1
2 0.72938 0.5 0.00028 1
15 0.73477 0.5 0.01046 1
15 0.92028 0.5 0.01264 1
24 0.2123 0.5 0.00684 1
24 0.81958 0.5 0.00204 1
4 0.00985 0.5 0.0015 1
4 0.58193 0.5 0.01538 1
4 0.82922 0.5 0.02044 1
4 0.84289 0.5 0.0031 1
4 0.9901 0.5 0.00156 1
18 0.06635 0.5 0.0011 1
18 0.37059 0.5 0.00114 1
