8 0.94469 0.5 0.00222 1
2 0.34506 0.5 0.00256 1
15 0.34885 0.5 0.00162 1
5 0.86792 0.5 0.00892 1
6 0.87744 0.5 0.00508 1
13 0.88554 0.5 0.0108 1
24 0.22239 0.5 0.00114 1
1 0.6453 0.5 0.00344 1
4 0.13274 0.5 0.00876 1
4 0.20842 0.5 0.00216 1
4 0.21226 0.5 0.00396 1
4 0.21841 0.5 0.00866 1
4 0.35833 0.5 0.00286 1
4 0.36354 0.5 0.00824 1
4 0.36863 0.5 0.00218 1
4 0.93371 0.5 0.00898 1
4 0.93922 0.5 0.00192 1
18 0.19317 0.5 0.00098 1
18 0.72494 0.5 0.0004 1
18 0.72668 0.5 0.0014 1
18 0.73365 0.5 0.00074 1
18 0.85859 0.5 0.00134 1
