21 0.05387 0.5 0.03982 1
21 0.0775 0.5 0.00408 1
21 0.08733 0.5 0.01082 1
21 0.10963 0.5 0.03418 1
21 0.13113 0.5 0.00878 1
21 0.14033 0.5 0.00914 1
21 0.15018 0.5 0.01068 1
21 0.18315 0.5 0.05506 1
21 0.2194 0.5 0.00296 1
21 0.23724 0.5 0.01096 1
21 0.25928 0.5 0.03308 1
8 0.27977 0.5 0.0077 1
21 0.29171 0.5 0.00582 1
21 0.30686 0.5 0.00828 1
21 0.31439 0.5 0.0067 1
21 0.32296 0.5 0.0034 1
21 0.32612 0.5 0.00288 1
21 0.3788 0.5 0.001 1
21 0.38724 0.5 0.00928 1
21 0.40359 0.5 0.00722 1
21 0.41059 0.5 0.0067 1
8 0.43037 0.5 0.0047 1
8 0.6013 0.5 0.00412 1
21 0.68182 0.5 0.00088 1
21 0.68804 0.5 0.01132 1
21 0.80171 0.5 0.14882 1
21 0.94158 0.5 0.12948 1
11 0.43884 0.5 0.0122 1
11 0.44556 0.5 0.00068 1
11 0.48913 0.5 0.08714 1
11 0.5451 0.5 0.0226 1
11 0.57793 0.5 0.04258 1
3 0.72599 0.5 0.00126 1
4 0.69936 0.5 0.00228 1
