8 0.04059 0.5 0.0495 1
8 0.07566 0.5 0.0204 1
8 0.08979 0.5 0.0065 1
21 0.35918 0.5 0.035 1
21 0.39349 0.5 0.02002 1
21 0.40981 0.5 0.00666 1
21 0.41403 0.5 0.00158 1
21 0.41775 0.5 0.00342 1
21 0.44751 0.5 0.00174 1
8 0.80909 0.5 0.00846 1
8 0.81647 0.5 0.00498 1
8 0.8258 0.5 0.01464 1
21 0.89972 0.5 0.002 1
5 0.01422 0.5 0.00188 1
16 0.10701 0.5 0.00354 1
13 0.22716 0.5 0.00652 1
2 0.30875 0.5 0.02378 1
2 0.42315 0.5 0.0061 1
2 0.42926 0.5 0.00644 1
2 0.43313 0.5 0.00266 1
2 0.43668 0.5 0.00504 1
2 0.47511 0.5 0.00874 1
2 0.48051 0.5 0.00222 1
2 0.51172 0.5 0.00308 1
11 0.8881 0.5 0.00188 1
24 0.2888 0.5 0.00096 1
24 0.88974 0.5 0.00124 1
1 0.19229 0.5 0.0025 1
20 0.491 0.5 0.00588 1
4 0.00608 0.5 0.01168 1
4 0.37819 0.5 0.00282 1
4 0.46871 0.5 0.0039 1
