21 0.02626 0.5 0.02416 1
21 0.05507 0.5 0.03342 1
21 0.09689 0.5 0.05078 1
21 0.16927 0.5 0.06554 1
21 0.20818 0.5 0.01236 1
21 0.26999 0.5 0.11122 1
21 0.46746 0.5 0.0316 1
21 0.49709 0.5 0.02882 1
21 0.51975 0.5 0.01662 1
21 0.53207 0.5 0.00794 1
21 0.55674 0.5 0.0388 1
21 0.5811 0.5 0.00652 1
21 0.60738 0.5 0.00444 1
21 0.66022 0.5 0.002 1
21 0.6811 0.5 0.02416 1
21 0.70447 0.5 0.02254 1
21 0.71758 0.5 0.00112 1
21 0.73437 0.5 0.0301 1
21 0.76202 0.5 0.02516 1
21 0.81862 0.5 0.08852 1
21 0.86376 0.5 0.00188 1
21 0.87723 0.5 0.0251 1
21 0.90479 0.5 0.02994 1
21 0.93176 0.5 0.02396 1
21 0.95202 0.5 0.00344 1
21 0.95593 0.5 0.00434 1
21 0.97112 0.5 0.00628 1
21 0.97694 0.5 0.00536 1
21 1.00289 0.5 0.0465 1
11 0.35307 0.5 0.0549 1
11 0.412 0.5 0.06132 1
