21 0.12424 0.5 0.00108 1
21 0.96927 0.5 0.00218 1
21 1.0012 0.5 0.00488 1
25 0.32469 0.5 0.00598 1
25 0.40203 0.5 0.00382 1
2 0.69488 0.5 0.00076 1
2 0.69621 0.5 0.0013 1
2 0.69693 0.5 0.00238 1
2 0.70999 0.5 0.00082 1
11 0.73991 0.5 0.03174 1
11 0.78896 0.5 0.06652 1
5 0.8291 0.5 0.007 1
5 0.83458 0.5 0.00324 1
24 0.11032 0.5 0.00136 1
24 0.52947 0.5 0.00186 1
24 0.54534 0.5 0.01484 1
24 0.56487 0.5 0.0107 1
24 0.61414 0.5 0.08376 1
4 0.22119 0.5 0.00534 1
4 0.22976 0.5 0.00288 1
4 0.26879 0.5 0.00742 1
4 0.3259 0.5 0.00688 1
4 0.33044 0.5 0.0026 1
4 0.37032 0.5 0.0112 1
4 0.39188 0.5 0.00956 1
4 0.39748 0.5 0.00188 1
4 0.49999 0.5 0.02074 1
4 0.52568 0.5 0.00364 1
4 0.68665 0.5 0.0093 1
4 0.91084 0.5 0.00192 1
4 0.97949 0.5 0.01282 1
18 0.23413 0.5 0.0011 1
18 0.23951 0.5 0.0007 1
18 0.24654 0.5 0.0014 1
18 0.44685 0.5 0.00118 1
18 0.47687 0.5 0.00074 1
18 0.93902 0.5 0.0018 1
