21 0.41504 0.5 0.0078 1
21 0.42054 0.5 0.00156 1
8 0.52891 0.5 0.0019 1
8 0.54538 0.5 0.02872 1
8 0.56389 0.5 0.00586 1
2 0.18194 0.5 0.00924 1
2 0.18817 0.5 0.00334 1
2 0.19293 0.5 0.0031 1
2 0.1964 0.5 0.00096 1
2 0.20056 0.5 0.0072 1
2 0.20136 0.5 0.0072 1
2 0.22198 0.5 0.02556 1
2 0.25261 0.5 0.02882 1
2 0.26892 0.5 0.0032 1
2 0.37914 0.5 0.00208 1
2 0.39597 0.5 0.00754 1
2 0.40326 0.5 0.007 1
15 0.87639 0.5 0.0079 1
25 0.88633 0.5 0.0053 1
24 0.96122 0.5 0.00644 1
4 0.17353 0.5 0.00766 1
4 0.19064 0.5 0.00144 1
4 0.42957 0.5 0.01038 1
4 0.52014 0.5 0.01304 1
4 0.65393 0.5 0.0037 1
4 0.93651 0.5 0.00186 1
18 0.78326 0.5 0.00116 1
