13 0.02163 0.5 0.01378 1
5 0.19772 0.5 0.01616 1
2 0.38773 0.5 0.01326 1
2 0.39751 0.5 0.00206 1
25 0.55094 0.5 0.00312 1
5 0.58086 0.5 0.00384 1
13 0.99949 0.5 0.01118 1
4 0.31893 0.5 0.02882 1
4 0.3499 0.5 0.02664 1
4 0.36453 0.5 0.00242 1
4 0.36816 0.5 0.00384 1
4 0.37473 0.5 0.00866 1
4 0.39922 0.5 0.00132 1
4 0.40111 0.5 0.00142 1
4 0.42365 0.5 0.00322 1
4 0.43301 0.5 0.00162 1
4 0.43898 0.5 0.00436 1
4 0.44492 0.5 0.00432 1
4 0.45148 0.5 0.0092 1
4 0.78958 0.5 0.01876 1
4 0.84862 0.5 0.00236 1
4 0.85638 0.5 0.00684 1
4 0.86141 0.5 0.00334 1
4 0.86554 0.5 0.00448 1
18 0.08552 0.5 0.00084 1
18 0.75011 0.5 0.00106 1
