21 0.15832 0.5 0.02928 1
21 0.18876 0.5 0.02776 1
21 0.20385 0.5 0.00294 1
21 0.21004 0.5 0.0094 1
21 0.24463 0.5 0.00394 1
21 0.25474 0.5 0.01624 1
21 0.26648 0.5 0.0072 1
21 0.27628 0.5 0.01224 1
21 0.29184 0.5 0.01744 1
21 0.3106 0.5 0.01992 1
21 0.32557 0.5 0.00998 1
21 0.36033 0.5 0.00358 1
21 0.66821 0.5 0.02394 1
8 0.76301 0.5 0.02118 1
8 0.77726 0.5 0.0072 1
0 0.90598 0.5 0.00352 1
25 0.01232 0.5 0.00172 1
2 0.01637 0.5 0.00242 1
15 0.37464 0.5 0.0054 1
2 0.47476 0.5 0.00372 1
2 0.48325 0.5 0.00218 1
2 0.48913 0.5 0.00682 1
2 0.50477 0.5 0.01978 1
5 0.53063 0.5 0.01966 1
5 0.54347 0.5 0.0057 1
5 0.56825 0.5 0.0193 1
5 0.57983 0.5 0.00078 1
2 0.73439 0.5 0.0047 1
2 0.84731 0.5 0.00946 1
2 0.86782 0.5 0.00372 1
2 0.87105 0.5 0.00398 1
24 0.12264 0.5 0.00272 1
24 0.3554 0.5 0.00592 1
24 0.98876 0.5 0.00272 1
4 0.61923 0.5 0.00402 1
4 0.6238 0.5 0.001 1
4 0.63423 0.5 0.01614 1
4 0.69702 0.5 0.01684 1
4 0.71269 0.5 0.00962 1
4 0.81528 0.5 0.02424 1
4 0.97073 0.5 0.0013 1
18 0.38045 0.5 0.00054 1
18 0.54758 0.5 0.002 1
18 0.60792 0.5 0.00136 1
18 0.89979 0.5 0.00074 1
