0 0.00689 0.5 0.00126 1
0 0.01693 0.5 0.00126 1
0 0.02697 0.5 0.00126 1
0 0.03701 0.5 0.00126 1
0 0.04705 0.5 0.00126 1
0 0.05709 0.5 0.00126 1
0 0.06713 0.5 0.00126 1
0 0.07717 0.5 0.00126 1
0 0.08721 0.5 0.00126 1
0 0.09725 0.5 0.00126 1
0 0.10729 0.5 0.00126 1
0 0.11733 0.5 0.00126 1
0 0.12737 0.5 0.00126 1
0 0.13741 0.5 0.00126 1
0 0.14745 0.5 0.00126 1
0 0.15749 0.5 0.00126 1
0 0.16753 0.5 0.00126 1
0 0.17757 0.5 0.00126 1
0 0.18761 0.5 0.00126 1
0 0.19765 0.5 0.00126 1
0 0.20769 0.5 0.00126 1
0 0.21773 0.5 0.00126 1
0 0.22777 0.5 0.00126 1
0 0.23781 0.5 0.00126 1
0 0.24765 0.5 0.00126 1
0 0.25769 0.5 0.00126 1
0 0.26773 0.5 0.00126 1
0 0.27757 0.5 0.00126 1
0 0.28761 0.5 0.00126 1
0 0.29765 0.5 0.00126 1
0 0.30749 0.5 0.00126 1
0 0.31753 0.5 0.00126 1
0 0.32757 0.5 0.00126 1
0 0.33761 0.5 0.00126 1
0 0.34765 0.5 0.00126 1
0 0.35769 0.5 0.00126 1
0 0.36773 0.5 0.00126 1
0 0.37777 0.5 0.00126 1
0 0.38781 0.5 0.00126 1
0 0.39785 0.5 0.00126 1
0 0.40789 0.5 0.00126 1
0 0.41793 0.5 0.00126 1
0 0.42797 0.5 0.00126 1
0 0.43801 0.5 0.00126 1
0 0.44805 0.5 0.00126 1
0 0.45809 0.5 0.00126 1
0 0.46813 0.5 0.00126 1
0 0.47817 0.5 0.00126 1
0 0.48821 0.5 0.00126 1
0 0.49825 0.5 0.00126 1
0 0.50829 0.5 0.00126 1
0 0.51833 0.5 0.00126 1
0 0.52837 0.5 0.00126 1
0 0.53841 0.5 0.00126 1
0 0.54845 0.5 0.00126 1
0 0.55849 0.5 0.00126 1
0 0.56853 0.5 0.00126 1
0 0.57857 0.5 0.00126 1
0 0.58861 0.5 0.00126 1
0 0.59865 0.5 0.00126 1
0 0.60869 0.5 0.00126 1
0 0.61873 0.5 0.00126 1
0 0.62877 0.5 0.00126 1
0 0.63881 0.5 0.00126 1
0 0.64885 0.5 0.00126 1
0 0.65889 0.5 0.00126 1
0 0.66895 0.5 0.00126 1
0 0.67899 0.5 0.00126 1
0 0.68903 0.5 0.00126 1
0 0.69909 0.5 0.00126 1
0 0.70913 0.5 0.00126 1
0 0.71917 0.5 0.00126 1
0 0.72921 0.5 0.00126 1
0 0.73925 0.5 0.00126 1
0 0.74929 0.5 0.00126 1
0 0.75933 0.5 0.00126 1
0 0.76937 0.5 0.00126 1
0 0.77941 0.5 0.00126 1
0 0.78945 0.5 0.00126 1
0 0.79949 0.5 0.00126 1
0 0.80931 0.5 0.00126 1
0 0.81935 0.5 0.00126 1
0 0.82939 0.5 0.00126 1
0 0.83923 0.5 0.00126 1
0 0.84927 0.5 0.00126 1
0 0.85931 0.5 0.00126 1
0 0.86935 0.5 0.00126 1
0 0.87937 0.5 0.00126 1
0 0.88941 0.5 0.00126 1
0 0.89945 0.5 0.00126 1
0 0.90949 0.5 0.00126 1
0 0.91953 0.5 0.00126 1
0 0.92955 0.5 0.00126 1
0 0.93959 0.5 0.00126 1
0 0.94963 0.5 0.00126 1
0 0.95967 0.5 0.00126 1
0 0.96971 0.5 0.00126 1
0 0.97973 0.5 0.00126 1
0 0.98977 0.5 0.00126 1
0 0.99981 0.5 0.00126 1
