0 0.00949 0.5 0.00126 1
0 0.01953 0.5 0.00126 1
0 0.02955 0.5 0.00126 1
0 0.03959 0.5 0.00126 1
0 0.04963 0.5 0.00126 1
0 0.05967 0.5 0.00126 1
0 0.06971 0.5 0.00126 1
0 0.07973 0.5 0.00126 1
0 0.08977 0.5 0.00126 1
0 0.09981 0.5 0.00126 1
0 0.10983 0.5 0.00126 1
0 0.11987 0.5 0.00126 1
0 0.12991 0.5 0.00126 1
0 0.13995 0.5 0.00126 1
0 0.14999 0.5 0.00126 1
0 0.16003 0.5 0.00126 1
0 0.17007 0.5 0.00126 1
0 0.18011 0.5 0.00126 1
0 0.19015 0.5 0.00126 1
0 0.20019 0.5 0.00126 1
0 0.21023 0.5 0.00126 1
0 0.22025 0.5 0.00126 1
0 0.23029 0.5 0.00126 1
0 0.24033 0.5 0.00126 1
0 0.25037 0.5 0.00126 1
0 0.26041 0.5 0.00126 1
0 0.27043 0.5 0.00126 1
0 0.28047 0.5 0.00126 1
0 0.29051 0.5 0.00126 1
0 0.30055 0.5 0.00126 1
0 0.31059 0.5 0.00126 1
0 0.32063 0.5 0.00126 1
0 0.33065 0.5 0.00126 1
0 0.34069 0.5 0.00126 1
0 0.35073 0.5 0.00126 1
0 0.36077 0.5 0.00126 1
0 0.37081 0.5 0.00126 1
0 0.38085 0.5 0.00126 1
0 0.39089 0.5 0.00126 1
0 0.40093 0.5 0.00126 1
0 0.41097 0.5 0.00126 1
0 0.42101 0.5 0.00126 1
0 0.43105 0.5 0.00126 1
0 0.44108 0.5 0.00124 1
0 0.45111 0.5 0.00126 1
0 0.46114 0.5 0.00124 1
0 0.47116 0.5 0.00124 1
0 0.48118 0.5 0.00124 1
0 0.4912 0.5 0.00124 1
0 0.50123 0.5 0.00126 1
0 0.51126 0.5 0.00124 1
0 0.52129 0.5 0.00126 1
0 0.53132 0.5 0.00124 1
0 0.54135 0.5 0.00126 1
0 0.55137 0.5 0.00126 1
0 0.56141 0.5 0.00126 1
0 0.57145 0.5 0.00126 1
0 0.58149 0.5 0.00126 1
0 0.59155 0.5 0.00122 1
0 0.60157 0.5 0.00126 1
0 0.61161 0.5 0.00126 1
0 0.62165 0.5 0.00126 1
0 0.63169 0.5 0.00126 1
0 0.64173 0.5 0.00126 1
0 0.65177 0.5 0.00126 1
0 0.66181 0.5 0.00126 1
0 0.67185 0.5 0.00126 1
0 0.68189 0.5 0.00126 1
0 0.69193 0.5 0.00126 1
0 0.70197 0.5 0.00126 1
0 0.71201 0.5 0.00126 1
0 0.72205 0.5 0.00126 1
0 0.73209 0.5 0.00126 1
0 0.74213 0.5 0.00126 1
0 0.75219 0.5 0.00126 1
0 0.76223 0.5 0.00126 1
0 0.77251 0.5 0.00126 1
0 0.78255 0.5 0.00126 1
0 0.79259 0.5 0.00126 1
0 0.80263 0.5 0.00126 1
0 0.81267 0.5 0.00126 1
0 0.82273 0.5 0.00126 1
0 0.83277 0.5 0.00126 1
0 0.84281 0.5 0.00126 1
0 0.85285 0.5 0.00126 1
0 0.86287 0.5 0.00126 1
0 0.87291 0.5 0.00126 1
0 0.88295 0.5 0.00126 1
0 0.89299 0.5 0.00126 1
0 0.90303 0.5 0.00126 1
0 0.91307 0.5 0.00126 1
0 0.92311 0.5 0.00126 1
0 0.93317 0.5 0.00126 1
0 0.94321 0.5 0.00126 1
0 0.95327 0.5 0.00126 1
0 0.96329 0.5 0.00126 1
0 0.97333 0.5 0.00126 1
0 0.98335 0.5 0.00126 1
0 0.99339 0.5 0.00126 1
