21 0.05346 0.5 0.02864 1
21 0.11311 0.5 0.09058 1
21 0.16186 0.5 0.00704 1
21 0.17055 0.5 0.0103 1
21 0.18356 0.5 0.01624 1
21 0.19844 0.5 0.01348 1
21 0.21463 0.5 0.01674 1
21 0.23917 0.5 0.0323 1
21 0.27127 0.5 0.03186 1
11 0.2944 0.5 0.01616 1
11 0.33003 0.5 0.03898 1
2 0.35257 0.5 0.00082 1
2 0.36188 0.5 0.01176 1
16 0.43483 0.5 0.01902 1
2 0.45606 0.5 0.00356 1
13 0.74668 0.5 0.00312 1
13 0.74976 0.5 0.00276 1
6 0.81205 0.5 0.0051 1
24 0.57728 0.5 0.00108 1
4 0.82499 0.5 0.02038 1
18 0.75442 0.5 0.00092 1
18 0.87843 0.5 0.00074 1
