21 0.40768 0.5 0.00736 1
8 0.68512 0.5 0.00884 1
8 0.69101 0.5 0.00274 1
8 0.6941 0.5 0.00364 1
8 0.72418 0.5 0.00844 1
15 0.49648 0.5 0.00304 1
15 0.50232 0.5 0.00628 1
2 0.75225 0.5 0.00162 1
13 0.79241 0.5 0.00366 1
25 0.99638 0.5 0.00124 1
24 0.23308 0.5 0.00624 1
24 0.31367 0.5 0.00726 1
24 0.71165 0.5 0.00394 1
24 0.81849 0.5 0.00422 1
24 0.83077 0.5 0.00542 1
24 0.84625 0.5 0.0137 1
24 0.89941 0.5 0.07342 1
24 0.93991 0.5 0.00174 1
24 0.97091 0.5 0.00106 1
4 0.38315 0.5 0.00126 1
4 0.39816 0.5 0.00436 1
4 0.96734 0.5 0.00188 1
4 0.97606 0.5 0.01108 1
4 0.99947 0.5 0.00082 1
18 0.58008 0.5 0.00072 1
