0 0.41371 0.5 0.00182 1
21 0.45855 0.5 0.00162 1
8 0.66959 0.5 0.00178 1
6 0.0075 0.5 0.00524 1
2 0.05674 0.5 0.00244 1
25 0.25511 0.5 0.00134 1
2 0.26101 0.5 0.00158 1
2 0.26294 0.5 0.0018 1
2 0.26616 0.5 0.00124 1
25 0.27785 0.5 0.00202 1
25 0.29652 0.5 0.00184 1
2 0.52709 0.5 0.0071 1
10 0.67879 0.5 0.0049 1
2 0.95884 0.5 0.02712 1
2 0.9933 0.5 0.00776 1
24 0.1119 0.5 0.0012 1
24 0.18252 0.5 0.0074 1
4 0.08009 0.5 0.02142 1
4 0.10681 0.5 0.01082 1
4 0.11746 0.5 0.00312 1
4 0.54844 0.5 0.0014 1
18 0.12172 0.5 0.00136 1
18 0.4774 0.5 0.00076 1
18 0.47743 0.5 0.00062 1
18 0.56094 0.5 0.00036 1
