21 0.00658 0.5 0.00536 1
8 0.02105 0.5 0.02366 1
8 0.03426 0.5 0.00272 1
21 0.04741 0.5 0.02354 1
8 0.06085 0.5 0.0033 1
21 0.09071 0.5 0.0225 1
21 0.13343 0.5 0.02882 1
8 0.1484 0.5 0.00892 1
21 0.15682 0.5 0.00712 1
21 0.16803 0.5 0.01454 1
21 0.1777 0.5 0.00476 1
21 0.18391 0.5 0.00686 1
21 0.19191 0.5 0.00902 1
21 0.19704 0.5 0.0012 1
8 0.26563 0.5 0.00686 1
8 0.27719 0.5 0.01554 1
21 0.29687 0.5 0.02374 1
21 0.31987 0.5 0.02222 1
21 0.36461 0.5 0.06034 1
21 0.40671 0.5 0.02382 1
8 0.454 0.5 0.07072 1
8 0.49282 0.5 0.0058 1
21 0.5477 0.5 0.00696 1
21 0.55576 0.5 0.00888 1
21 0.56211 0.5 0.00378 1
21 0.56503 0.5 0.00214 1
21 0.58467 0.5 0.00326 1
21 0.59496 0.5 0.01088 1
21 0.60243 0.5 0.00374 1
21 0.61668 0.5 0.01292 1
21 0.63028 0.5 0.008 1
21 0.64321 0.5 0.01454 1
21 0.66524 0.5 0.03004 1
21 0.70101 0.5 0.0013 1
21 0.71032 0.5 0.01088 1
21 0.71775 0.5 0.00378 1
21 0.73202 0.5 0.01292 1
21 0.75453 0.5 0.00326 1
21 0.76484 0.5 0.01092 1
21 0.78046 0.5 0.02028 1
21 0.79264 0.5 0.00408 1
21 0.81349 0.5 0.03786 1
21 0.83544 0.5 0.00528 1
21 0.84275 0.5 0.0095 1
21 0.85446 0.5 0.0138 1
21 0.87268 0.5 0.0226 1
21 0.92534 0.5 0.0812 1
21 0.969 0.5 0.00372 1
21 0.97556 0.5 0.00944 1
21 0.9827 0.5 0.0048 1
2 0.23188 0.5 0.0044 1
15 1.01374 0.5 0.0426 1
