21 0.1949 0.5 0.03212 1
8 0.77711 0.5 0.00094 1
21 0.92768 0.5 0.002 1
21 0.94254 0.5 0.00792 1
21 0.95221 0.5 0.00494 1
21 0.96387 0.5 0.01406 1
21 0.97289 0.5 0.00262 1
21 0.9756 0.5 0.00204 1
21 0.98508 0.5 0.01692 1
2 0.64755 0.5 0.00414 1
13 0.80383 0.5 0.00262 1
6 0.85311 0.5 0.00342 1
13 0.86155 0.5 0.00278 1
13 0.86879 0.5 0.00262 1
13 1.00067 0.5 0.01398 1
24 0.2368 0.5 0.01596 1
24 0.26897 0.5 0.03634 1
24 0.30003 0.5 0.0143 1
24 0.42822 0.5 0.05084 1
24 0.87268 0.5 0.00372 1
1 0.80859 0.5 0.00594 1
4 0.33491 0.5 0.01854 1
4 0.37529 0.5 0.03038 1
4 0.84267 0.5 0.00078 1
4 0.91493 0.5 0.0023 1
4 0.9218 0.5 0.00252 1
4 0.92392 0.5 0.00156 1
18 0.06385 0.5 0.0011 1
18 0.22093 0.5 0.00062 1
18 0.82599 0.5 0.00078 1
