0 0.00403 0.5 0.00126 1
0 0.01407 0.5 0.00126 1
0 0.02409 0.5 0.00126 1
0 0.03413 0.5 0.00126 1
0 0.04417 0.5 0.00126 1
0 0.05421 0.5 0.00126 1
0 0.06425 0.5 0.00126 1
0 0.07429 0.5 0.00126 1
0 0.08433 0.5 0.00126 1
0 0.09437 0.5 0.00126 1
0 0.10441 0.5 0.00126 1
0 0.11445 0.5 0.00126 1
0 0.12449 0.5 0.00126 1
0 0.13455 0.5 0.00126 1
0 0.14459 0.5 0.00126 1
0 0.15463 0.5 0.00126 1
0 0.16476 0.5 0.00144 1
0 0.17471 0.5 0.00126 1
0 0.18475 0.5 0.00126 1
0 0.19479 0.5 0.00126 1
0 0.20483 0.5 0.00126 1
0 0.21487 0.5 0.00126 1
0 0.22491 0.5 0.00126 1
0 0.23495 0.5 0.00126 1
0 0.24499 0.5 0.00126 1
0 0.25503 0.5 0.00126 1
0 0.26505 0.5 0.00126 1
0 0.27509 0.5 0.00126 1
0 0.28515 0.5 0.00126 1
0 0.29519 0.5 0.00126 1
0 0.30523 0.5 0.00126 1
0 0.31527 0.5 0.00126 1
0 0.32531 0.5 0.00126 1
0 0.33535 0.5 0.00126 1
0 0.34539 0.5 0.00126 1
0 0.35543 0.5 0.00126 1
0 0.36547 0.5 0.00126 1
0 0.37551 0.5 0.00126 1
0 0.38555 0.5 0.00126 1
0 0.39559 0.5 0.00126 1
0 0.40563 0.5 0.00126 1
0 0.41567 0.5 0.00126 1
0 0.42571 0.5 0.00126 1
0 0.43575 0.5 0.00126 1
0 0.44579 0.5 0.00126 1
0 0.45583 0.5 0.00126 1
0 0.46587 0.5 0.00126 1
0 0.47591 0.5 0.00126 1
0 0.48595 0.5 0.00126 1
0 0.49601 0.5 0.00126 1
0 0.50607 0.5 0.00126 1
0 0.51611 0.5 0.00126 1
0 0.52615 0.5 0.00126 1
0 0.53621 0.5 0.00126 1
0 0.54625 0.5 0.00126 1
0 0.55629 0.5 0.00126 1
0 0.56633 0.5 0.00126 1
0 0.57639 0.5 0.00126 1
0 0.58645 0.5 0.00126 1
0 0.59649 0.5 0.00126 1
0 0.60653 0.5 0.00126 1
0 0.61657 0.5 0.00126 1
0 0.62663 0.5 0.00126 1
0 0.63667 0.5 0.00126 1
0 0.64671 0.5 0.00126 1
0 0.65675 0.5 0.00126 1
0 0.66679 0.5 0.00126 1
0 0.67683 0.5 0.00126 1
0 0.68687 0.5 0.00126 1
0 0.69691 0.5 0.00126 1
0 0.70697 0.5 0.00126 1
0 0.71701 0.5 0.00126 1
0 0.72705 0.5 0.00126 1
0 0.73709 0.5 0.00126 1
0 0.74715 0.5 0.00126 1
0 0.75711 0.5 0.00138 1
0 0.76721 0.5 0.00126 1
0 0.77717 0.5 0.00138 1
0 0.78727 0.5 0.00126 1
0 0.79731 0.5 0.00126 1
0 0.80735 0.5 0.00126 1
0 0.81739 0.5 0.00126 1
0 0.82743 0.5 0.00126 1
0 0.83739 0.5 0.00138 1
0 0.84749 0.5 0.00126 1
0 0.85753 0.5 0.00126 1
0 0.86757 0.5 0.00126 1
0 0.87761 0.5 0.00126 1
0 0.88765 0.5 0.00126 1
0 0.89769 0.5 0.00126 1
0 0.90773 0.5 0.00126 1
0 0.91777 0.5 0.00126 1
0 0.92781 0.5 0.00126 1
0 0.93785 0.5 0.00126 1
0 0.94789 0.5 0.00126 1
0 0.95793 0.5 0.00126 1
0 0.96797 0.5 0.00126 1
0 0.97801 0.5 0.00126 1
0 0.98805 0.5 0.00126 1
0 0.99809 0.5 0.00126 1
