8 0.7754 0.5 0.0118 1
25 0.13558 0.5 0.0062 1
25 0.14654 0.5 0.00212 1
25 0.15231 0.5 0.00762 1
2 0.20262 0.5 0.00144 1
15 0.26528 0.5 0.01012 1
2 0.28788 0.5 0.00676 1
13 0.37852 0.5 0.0114 1
11 0.45528 0.5 0.02748 1
11 0.47735 0.5 0.00614 1
11 0.48706 0.5 0.00456 1
6 0.86715 0.5 0.00206 1
12 0.87841 0.5 0.01478 1
6 0.96184 0.5 0.0052 1
2 0.98111 0.5 0.02942 1
13 1.00244 0.5 0.00984 1
24 0.12203 0.5 0.00194 1
24 0.79821 0.5 0.00466 1
24 0.93111 0.5 0.0539 1
4 0.30625 0.5 0.01702 1
4 0.75753 0.5 0.01246 1
18 0.83799 0.5 0.00082 1
