0 0.56513 0.5 0.00706 1
21 0.61917 0.5 0.00286 1
13 0.02569 0.5 0.00166 1
12 0.16143 0.5 0.00394 1
15 0.27429 0.5 0.00138 1
15 0.27612 0.5 0.00224 1
5 0.34565 0.5 0.00402 1
19 0.40154 0.5 0.0048 1
6 0.44403 0.5 0.00522 1
25 0.81066 0.5 0.00372 1
2 0.82358 0.5 0.01992 1
2 0.83446 0.5 0.00144 1
24 0.5195 0.5 0.03996 1
24 0.62487 0.5 0.00418 1
24 0.89493 0.5 0.11626 1
24 1.00606 0.5 0.0642 1
4 0.39735 0.5 0.00246 1
4 0.41383 0.5 0.01974 1
4 0.42811 0.5 0.00214 1
4 0.96192 0.5 0.01764 1
18 0.03423 0.5 0.0007 1
18 0.35995 0.5 0.0009 1
18 0.79445 0.5 0.00118 1
