8 0.55968 0.5 0.00356 1
5 0.17059 0.5 0.00222 1
5 0.17662 0.5 0.00484 1
5 0.18458 0.5 0.00124 1
2 0.29609 0.5 0.00106 1
2 0.30465 0.5 0.00278 1
25 0.31776 0.5 0.00216 1
2 0.72824 0.5 0.02712 1
15 0.75179 0.5 0.00058 1
15 0.75382 0.5 0.00344 1
5 0.87577 0.5 0.00218 1
5 0.89034 0.5 0.00528 1
5 0.89641 0.5 0.00466 1
24 0.56821 0.5 0.01242 1
24 0.69212 0.5 0.00116 1
4 0.54102 0.5 0.00296 1
4 0.54768 0.5 0.00164 1
4 0.55166 0.5 0.00444 1
4 0.69734 0.5 0.01128 1
4 0.74684 0.5 0.00396 1
18 0.00606 0.5 0.00076 1
18 0.18276 0.5 0.0006 1
18 0.20798 0.5 0.00168 1
18 0.25751 0.5 0.0009 1
18 0.27627 0.5 0.00114 1
18 0.3275 0.5 0.00084 1
18 0.42888 0.5 0.0006 1
18 0.87805 0.5 0.00066 1
