8 0.1557 0.5 0.00772 1
21 0.73261 0.5 0.00314 1
21 0.99154 0.5 0.00916 1
6 0.0883 0.5 0.00516 1
15 0.16672 0.5 0.001 1
2 0.28576 0.5 0.00384 1
2 0.30654 0.5 0.00516 1
15 0.38999 0.5 0.00374 1
2 0.73791 0.5 0.00742 1
12 0.7973 0.5 0.01028 1
12 0.80403 0.5 0.00314 1
13 0.89654 0.5 0.0144 1
24 0.17723 0.5 0.00162 1
24 0.18366 0.5 0.00132 1
24 0.54691 0.5 0.00594 1
4 0.18054 0.5 0.00788 1
4 0.18517 0.5 0.00166 1
4 0.26779 0.5 0.0131 1
18 0.27656 0.5 0.00088 1
18 0.2889 0.5 0.00096 1
18 0.32612 0.5 0.0008 1
18 0.87805 0.5 0.00062 1
