8 0.45405 0.5 0.0049 1
8 0.49931 0.5 0.0791 1
8 0.54083 0.5 0.00402 1
2 0.00276 0.5 0.00312 1
2 0.01712 0.5 0.0194 1
2 0.04666 0.5 0.03996 1
2 0.07868 0.5 0.02304 1
2 0.09354 0.5 0.0046 1
2 0.13553 0.5 0.06574 1
15 0.32018 0.5 0.00344 1
5 0.32317 0.5 0.00226 1
5 0.3468 0.5 0.00508 1
5 0.35116 0.5 0.00336 1
11 0.6238 0.5 0.01356 1
11 0.63334 0.5 0.00556 1
11 0.63834 0.5 0.00448 1
11 0.65901 0.5 0.03266 1
11 0.67755 0.5 0.00426 1
11 0.68782 0.5 0.01484 1
2 0.74841 0.5 0.00286 1
2 0.7816 0.5 0.01728 1
2 0.79372 0.5 0.0032 1
2 0.80818 0.5 0.00336 1
2 0.81298 0.5 0.00432 1
2 0.82624 0.5 0.01952 1
24 0.334 0.5 0.01928 1
4 0.38927 0.5 0.00122 1
4 0.55032 0.5 0.00796 1
4 0.60212 0.5 0.00128 1
4 0.87263 0.5 0.00242 1
4 0.89589 0.5 0.00126 1
4 1.00062 0.5 0.00644 1
18 0.61096 0.5 0.0008 1
18 0.74265 0.5 0.00158 1
18 0.8648 0.5 0.00072 1
