8 0.03971 0.5 0.01394 1
8 0.05034 0.5 0.00228 1
8 0.08277 0.5 0.05082 1
21 0.12583 0.5 0.03522 1
8 0.14455 0.5 0.00218 1
21 0.16262 0.5 0.03392 1
21 0.21513 0.5 0.07034 1
8 0.25328 0.5 0.00592 1
21 0.25833 0.5 0.00278 1
21 0.30567 0.5 0.0919 1
21 0.39038 0.5 0.07784 1
21 0.43737 0.5 0.0161 1
21 0.45857 0.5 0.02618 1
8 0.47388 0.5 0.0044 1
21 0.48431 0.5 0.01642 1
21 0.49656 0.5 0.0068 1
8 0.50565 0.5 0.01134 1
21 0.51065 0.5 0.00174 1
21 0.91092 0.5 0.03516 1
21 1.02129 0.5 0.0879 1
11 0.74158 0.5 0.00132 1
11 0.77315 0.5 0.02658 1
11 0.82224 0.5 0.07164 1
11 0.88149 0.5 0.02366 1
11 0.9386 0.5 0.01412 1
11 0.95326 0.5 0.00512 1
24 0.72855 0.5 0.0013 1
4 0.01413 0.5 0.0117 1
4 0.54552 0.5 0.04836 1
4 0.57106 0.5 0.00296 1
4 0.57722 0.5 0.00916 1
4 0.64665 0.5 0.06746 1
4 0.70883 0.5 0.0009 1
4 0.72134 0.5 0.01532 1
