0 0.00547 0.5 0.00126 1
0 0.01551 0.5 0.00126 1
0 0.02555 0.5 0.00126 1
0 0.03559 0.5 0.00126 1
0 0.04561 0.5 0.00126 1
0 0.05563 0.5 0.00126 1
0 0.06565 0.5 0.00126 1
0 0.07567 0.5 0.00126 1
0 0.08571 0.5 0.00126 1
0 0.09575 0.5 0.00126 1
0 0.10579 0.5 0.00126 1
0 0.11581 0.5 0.00126 1
0 0.12585 0.5 0.00126 1
0 0.13587 0.5 0.00126 1
0 0.14591 0.5 0.00126 1
0 0.15595 0.5 0.00126 1
0 0.16599 0.5 0.00126 1
0 0.17603 0.5 0.00126 1
0 0.18607 0.5 0.00126 1
0 0.19611 0.5 0.00126 1
0 0.20611 0.5 0.00126 1
0 0.21615 0.5 0.00126 1
0 0.22619 0.5 0.00126 1
0 0.23623 0.5 0.00126 1
0 0.24627 0.5 0.00126 1
0 0.25631 0.5 0.00126 1
0 0.26631 0.5 0.00126 1
0 0.27635 0.5 0.00126 1
0 0.28641 0.5 0.00126 1
0 0.29645 0.5 0.00126 1
0 0.30649 0.5 0.00126 1
0 0.31653 0.5 0.00126 1
0 0.32657 0.5 0.00126 1
0 0.33661 0.5 0.00126 1
0 0.34665 0.5 0.00126 1
0 0.35669 0.5 0.00126 1
0 0.36673 0.5 0.00126 1
0 0.37677 0.5 0.00126 1
0 0.38679 0.5 0.00126 1
0 0.39683 0.5 0.00126 1
0 0.40687 0.5 0.00126 1
0 0.41691 0.5 0.00126 1
0 0.42695 0.5 0.00126 1
0 0.43699 0.5 0.00126 1
0 0.44703 0.5 0.00126 1
0 0.45707 0.5 0.00126 1
0 0.46711 0.5 0.00126 1
0 0.47715 0.5 0.00126 1
0 0.48719 0.5 0.00126 1
0 0.49723 0.5 0.00126 1
0 0.50727 0.5 0.00126 1
0 0.51731 0.5 0.00126 1
0 0.52735 0.5 0.00126 1
0 0.53727 0.5 0.00102 1
11 0.57956 0.5 0.00428 1
11 0.59129 0.5 0.01846 1
11 0.61179 0.5 0.0203 1
11 0.64134 0.5 0.01248 1
11 0.65968 0.5 0.01156 1
11 0.67269 0.5 0.01162 1
11 0.68562 0.5 0.01156 1
11 0.69858 0.5 0.01156 1
11 0.71157 0.5 0.01162 1
11 0.7245 0.5 0.01156 1
11 0.73749 0.5 0.01162 1
11 0.75042 0.5 0.01156 1
11 0.76341 0.5 0.01162 1
11 0.77634 0.5 0.01156 1
11 0.7893 0.5 0.01156 1
11 0.80229 0.5 0.01162 1
11 0.81522 0.5 0.01156 1
11 0.82821 0.5 0.01162 1
11 0.84114 0.5 0.01156 1
11 0.8541 0.5 0.01156 1
11 0.8671 0.5 0.01164 1
11 0.88007 0.5 0.01162 1
11 0.893 0.5 0.01156 1
11 0.90599 0.5 0.01162 1
11 0.91895 0.5 0.01162 1
11 0.93191 0.5 0.01162 1
11 0.94487 0.5 0.01162 1
11 0.97079 0.5 0.01162 1
11 0.98374 0.5 0.0116 1
11 0.99668 0.5 0.0116 1
