8 0.11536 0.5 0.00172 1
2 0.21923 0.5 0.02378 1
2 0.24069 0.5 0.00166 1
6 0.4037 0.5 0.00532 1
3 0.42079 0.5 0.00494 1
2 0.43152 0.5 0.00112 1
3 0.44633 0.5 0.02298 1
2 0.74702 0.5 0.00372 1
6 0.92558 0.5 0.00132 1
6 0.92677 0.5 0.00102 1
24 0.5167 0.5 0.00228 1
23 0.64915 0.5 0.00702 1
14 0.00533 0.5 0.00558 1
14 0.02155 0.5 0.00158 1
14 0.02429 0.5 0.00246 1
14 0.03979 0.5 0.00186 1
18 0.0518 0.5 0.00052 1
18 0.16843 0.5 0.0007 1
18 0.24729 0.5 0.00066 1
18 0.39807 0.5 0.00122 1
18 0.42961 0.5 0.00058 1
18 0.72513 0.5 0.00082 1
18 0.8513 0.5 0.00088 1
18 0.90979 0.5 0.00126 1
