3 0.02799 0.5 0.00546 1
2 0.03823 0.5 0.01138 1
2 0.05013 0.5 0.01374 1
2 0.06149 0.5 0.0039 1
2 0.07982 0.5 0.00448 1
11 0.40287 0.5 0.0023 1
11 0.4486 0.5 0.0052 1
5 0.64856 0.5 0.00376 1
3 0.69483 0.5 0.00546 1
2 0.70507 0.5 0.01138 1
2 0.71697 0.5 0.01374 1
2 0.72833 0.5 0.0039 1
2 0.74666 0.5 0.00448 1
15 0.77688 0.5 0.00948 1
3 0.78447 0.5 0.00874 1
4 0.93149 0.5 0.02314 1
18 0.14751 0.5 0.00126 1
18 0.2375 0.5 0.00072 1
18 0.29046 0.5 0.00056 1
18 0.48632 0.5 0.0006 1
18 0.49127 0.5 0.00158 1
18 0.63394 0.5 0.00116 1
18 0.80279 0.5 0.0009 1
18 0.87865 0.5 0.00098 1
