21 0.0069 0.5 0.0014 1
21 0.05412 0.5 0.093 1
21 0.10711 0.5 0.01294 1
21 0.11577 0.5 0.00494 1
21 0.13099 0.5 0.02546 1
8 0.14432 0.5 0.0012 1
8 0.14713 0.5 0.00482 1
8 0.15237 0.5 0.00546 1
8 0.1718 0.5 0.03312 1
8 0.19334 0.5 0.00652 1
8 0.19817 0.5 0.00322 1
8 0.20052 0.5 0.00172 1
8 0.208 0.5 0.01348 1
8 0.21949 0.5 0.00702 1
8 0.22576 0.5 0.00544 1
8 0.23131 0.5 0.00546 1
21 0.25083 0.5 0.0337 1
21 0.28513 0.5 0.0351 1
21 0.30458 0.5 0.00144 1
21 0.31766 0.5 0.02268 1
21 0.34092 0.5 0.0238 1
21 0.37476 0.5 0.0438 1
21 0.39982 0.5 0.00628 1
21 0.45319 0.5 0.09442 1
21 0.51546 0.5 0.0288 1
21 0.53266 0.5 0.0056 1
21 0.5436 0.5 0.01624 1
21 0.55557 0.5 0.00126 1
21 0.56199 0.5 0.0115 1
21 0.5837 0.5 0.03188 1
21 0.62319 0.5 0.04706 1
21 0.65231 0.5 0.01126 1
21 0.65968 0.5 0.00344 1
21 0.66857 0.5 0.0143 1
21 0.68239 0.5 0.01326 1
21 0.70342 0.5 0.00128 1
21 0.70949 0.5 0.01126 1
2 0.75281 0.5 0.00294 1
5 0.87322 0.5 0.0084 1
5 0.90851 0.5 0.03386 1
5 0.92631 0.5 0.00106 1
5 0.93034 0.5 0.00448 1
5 0.94838 0.5 0.0318 1
2 0.99072 0.5 0.0104 1
24 0.85388 0.5 0.014 1
4 0.72075 0.5 0.0021 1
18 0.74713 0.5 0.0009 1
18 0.74773 0.5 0.00026 1
