21 0.02238 0.5 0.006 1
21 0.03392 0.5 0.01704 1
8 0.06825 0.5 0.00106 1
21 0.23926 0.5 0.003 1
8 0.30508 0.5 0.00332 1
8 0.35451 0.5 0.0955 1
8 0.40395 0.5 0.00334 1
8 0.72206 0.5 0.0116 1
6 0.04524 0.5 0.00536 1
15 0.08867 0.5 0.03778 1
2 0.11373 0.5 0.01018 1
2 0.12152 0.5 0.00148 1
6 0.12664 0.5 0.0052 1
2 0.13097 0.5 0.00246 1
15 0.14559 0.5 0.02674 1
2 0.1786 0.5 0.00116 1
2 0.18133 0.5 0.00466 1
5 0.22935 0.5 0.00134 1
11 0.58389 0.5 0.11538 1
11 0.67695 0.5 0.04098 1
2 0.86775 0.5 0.1575 1
24 0.05229 0.5 0.00638 1
24 0.06157 0.5 0.00506 1
24 0.70076 0.5 0.00632 1
4 0.18633 0.5 0.00374 1
4 0.75433 0.5 0.00482 1
4 0.76001 0.5 0.00662 1
4 0.96463 0.5 0.02774 1
18 0.29884 0.5 0.00076 1
