21 0.80819 0.5 0.03622 1
21 0.83896 0.5 0.01008 1
21 0.84986 0.5 0.01168 1
21 0.86912 0.5 0.02608 1
21 0.89482 0.5 0.01008 1
21 0.90572 0.5 0.01168 1
21 0.92498 0.5 0.02608 1
21 0.95068 0.5 0.01008 1
21 0.96158 0.5 0.01168 1
21 0.98084 0.5 0.02608 1
2 0.04007 0.5 0.00434 1
15 0.08469 0.5 0.00158 1
15 0.09441 0.5 0.00942 1
2 0.18684 0.5 0.00732 1
17 0.21916 0.5 0.00332 1
2 0.24923 0.5 0.00362 1
2 0.25387 0.5 0.0027 1
2 0.26099 0.5 0.00602 1
2 0.26826 0.5 0.0084 1
2 0.2749 0.5 0.00332 1
2 0.28373 0.5 0.00354 1
2 0.31759 0.5 0.0171 1
2 0.33424 0.5 0.00552 1
2 0.40546 0.5 0.0076 1
2 0.41538 0.5 0.01276 1
2 0.48513 0.5 0.02446 1
2 0.50822 0.5 0.01624 1
2 0.52088 0.5 0.00188 1
2 0.52822 0.5 0.00272 1
2 0.54362 0.5 0.01076 1
2 0.56595 0.5 0.00466 1
2 0.58038 0.5 0.0016 1
2 0.60857 0.5 0.03958 1
2 0.64349 0.5 0.02882 1
5 0.6842 0.5 0.00144 1
5 0.68985 0.5 0.00998 1
5 0.69824 0.5 0.006 1
5 0.72693 0.5 0.00114 1
5 0.7299 0.5 0.00308 1
5 0.73621 0.5 0.00094 1
2 0.76488 0.5 0.05036 1
2 0.83011 0.5 0.00758 1
2 0.88597 0.5 0.00758 1
2 0.94183 0.5 0.00758 1
2 0.99769 0.5 0.00758 1
24 0.12583 0.5 0.00426 1
24 0.17214 0.5 0.001 1
4 0.04586 0.5 0.00708 1
4 0.13957 0.5 0.01806 1
4 0.15869 0.5 0.02062 1
4 0.17194 0.5 0.00116 1
4 0.728 0.5 0.00068 1
4 0.73165 0.5 0.00038 1
18 0.087 0.5 0.00092 1
18 0.17012 0.5 0.00192 1
18 0.2866 0.5 0.0006 1
18 0.67665 0.5 0.0011 1
