8 0.57171 0.5 0.0063 1
2 0.02544 0.5 0.00616 1
15 0.03598 0.5 0.00836 1
2 0.34454 0.5 0.00188 1
2 0.4323 0.5 0.0036 1
2 0.45409 0.5 0.00502 1
2 0.48686 0.5 0.00896 1
15 0.72828 0.5 0.005 1
24 0.02043 0.5 0.00158 1
24 0.02163 0.5 0.00118 1
24 0.4966 0.5 0.00912 1
24 0.52565 0.5 0.00126 1
24 0.56718 0.5 0.00208 1
4 0.02107 0.5 0.0015 1
4 0.47508 0.5 0.00756 1
4 0.48032 0.5 0.00352 1
4 0.52001 0.5 0.0119 1
4 0.6552 0.5 0.01188 1
18 0.04507 0.5 0.00134 1
18 0.40206 0.5 0.00068 1
18 0.4288 0.5 0.00112 1
18 0.55254 0.5 0.00076 1
18 0.58386 0.5 0.0008 1
18 0.60494 0.5 0.00108 1
