13 0.60587 0.5 0.01406 1
2 0.77898 0.5 0.00672 1
2 0.78359 0.5 0.00262 1
2 0.79155 0.5 0.00626 1
2 0.91157 0.5 0.00902 1
2 0.92027 0.5 0.00842 1
2 1.04717 0.5 0.24534 1
24 0.4444 0.5 0.00268 1
24 0.61529 0.5 0.00346 1
24 0.62077 0.5 0.00142 1
4 0.59178 0.5 0.00636 1
4 0.80636 0.5 0.00304 1
4 0.81158 0.5 0.00716 1
4 0.81835 0.5 0.00626 1
18 0.13512 0.5 0.00104 1
18 0.16334 0.5 0.00096 1
18 0.40339 0.5 0.0033 1
18 0.50286 0.5 0.00084 1
18 0.59551 0.5 0.00094 1
18 0.64152 0.5 0.00084 1
18 0.68274 0.5 0.0008 1
18 0.6939 0.5 0.00076 1
18 0.69591 0.5 0.00066 1
