21 0.02768 0.5 0.002 1
21 0.04254 0.5 0.00792 1
21 0.05221 0.5 0.00494 1
21 0.06387 0.5 0.01406 1
21 0.07289 0.5 0.00262 1
21 0.0756 0.5 0.00204 1
21 0.08508 0.5 0.01692 1
21 0.11112 0.5 0.00688 1
21 0.26729 0.5 0.0097 1
21 0.51755 0.5 0.01638 1
8 0.58478 0.5 0.00176 1
13 0.10067 0.5 0.01398 1
2 0.27972 0.5 0.00716 1
2 0.38018 0.5 0.0026 1
13 0.45573 0.5 0.00394 1
2 0.59041 0.5 0.00142 1
24 0.34814 0.5 0.05924 1
4 0.01493 0.5 0.0023 1
4 0.0218 0.5 0.00252 1
4 0.02392 0.5 0.00156 1
4 0.3102 0.5 0.01736 1
4 0.37851 0.5 0.0007 1
4 0.49175 0.5 0.01622 1
4 0.50343 0.5 0.00726 1
18 0.16727 0.5 0.0023 1
