21 0.13053 0.5 0.02306 1
21 0.14483 0.5 0.0055 1
21 0.20464 0.5 0.113 1
21 0.27245 0.5 0.0231 1
21 0.45962 0.5 0.01608 1
8 0.47668 0.5 0.018 1
21 0.52218 0.5 0.07296 1
21 0.64872 0.5 0.16488 1
2 0.01599 0.5 0.00214 1
2 0.30806 0.5 0.00116 1
11 0.32484 0.5 0.00464 1
11 0.35985 0.5 0.00222 1
2 0.40914 0.5 0.03404 1
2 0.42866 0.5 0.0016 1
2 0.44973 0.5 0.00358 1
2 0.74569 0.5 0.01262 1
2 0.81444 0.5 0.01504 1
2 0.84961 0.5 0.0093 1
2 0.87321 0.5 0.01166 1
5 0.92053 0.5 0.00742 1
5 0.92752 0.5 0.00456 1
5 0.92989 0.5 0.0007 1
5 0.94891 0.5 0.00506 1
5 0.96303 0.5 0.0235 1
5 0.99083 0.5 0.00542 1
24 0.99991 0.5 0.00362 1
4 0.86084 0.5 0.01312 1
18 0.82726 0.5 0.00296 1
