21 0.069 0.5 0.00372 1
21 0.07556 0.5 0.00944 1
21 0.0827 0.5 0.0048 1
21 0.15439 0.5 0.00974 1
21 0.16373 0.5 0.00886 1
21 0.23099 0.5 0.0041 1
21 0.29538 0.5 0.00656 1
21 0.34421 0.5 0.03374 1
21 0.37642 0.5 0.03064 1
21 0.39299 0.5 0.00246 1
21 0.39734 0.5 0.00152 1
21 0.40596 0.5 0.00136 1
21 0.42704 0.5 0.04076 1
15 0.11374 0.5 0.0426 1
15 0.17013 0.5 0.00374 1
2 0.19475 0.5 0.04534 1
2 0.22315 0.5 0.01146 1
2 0.31588 0.5 0.00804 1
15 0.32389 0.5 0.00686 1
2 0.82948 0.5 0.29448 1
4 0.66413 0.5 0.00238 1
4 0.98709 0.5 0.02026 1
18 0.45053 0.5 0.00134 1
18 0.60173 0.5 0.00126 1
18 0.64069 0.5 0.00126 1
