0 0.00465 0.5 0.00122 1
0 0.02227 0.5 0.00126 1
0 0.03231 0.5 0.00126 1
0 0.04215 0.5 0.00126 1
0 0.05219 0.5 0.00126 1
0 0.06203 0.5 0.00126 1
0 0.07189 0.5 0.00126 1
0 0.08193 0.5 0.00126 1
0 0.09197 0.5 0.00126 1
0 0.10181 0.5 0.00126 1
0 0.11185 0.5 0.00126 1
0 0.12189 0.5 0.00126 1
0 0.13173 0.5 0.00126 1
0 0.15689 0.5 0.00126 1
0 0.16693 0.5 0.00126 1
0 0.17677 0.5 0.00126 1
0 0.18681 0.5 0.00126 1
0 0.19685 0.5 0.00126 1
0 0.20669 0.5 0.00126 1
0 0.21673 0.5 0.00126 1
0 0.22657 0.5 0.00126 1
0 0.23661 0.5 0.00126 1
0 0.24645 0.5 0.00126 1
0 0.25629 0.5 0.00126 1
0 0.26633 0.5 0.00126 1
0 0.27617 0.5 0.00126 1
0 0.28601 0.5 0.00126 1
0 0.29585 0.5 0.00126 1
0 0.30589 0.5 0.00126 1
0 0.31573 0.5 0.00126 1
0 0.32577 0.5 0.00126 1
0 0.33581 0.5 0.00126 1
0 0.34585 0.5 0.00126 1
0 0.35569 0.5 0.00126 1
0 0.36573 0.5 0.00126 1
0 0.37577 0.5 0.00126 1
0 0.38561 0.5 0.00126 1
0 0.39565 0.5 0.00126 1
0 0.40567 0.5 0.00126 1
0 0.41571 0.5 0.00126 1
0 0.42573 0.5 0.00126 1
0 0.43577 0.5 0.00126 1
0 0.44581 0.5 0.00126 1
0 0.45585 0.5 0.00126 1
0 0.46569 0.5 0.00126 1
0 0.47571 0.5 0.00126 1
0 0.48575 0.5 0.00126 1
0 0.49579 0.5 0.00126 1
0 0.50579 0.5 0.00122 1
0 0.51583 0.5 0.00122 1
0 0.52569 0.5 0.00126 1
0 0.53573 0.5 0.00126 1
0 0.54557 0.5 0.00126 1
0 0.55561 0.5 0.00126 1
0 0.56565 0.5 0.00126 1
0 0.57571 0.5 0.00126 1
0 0.58575 0.5 0.00126 1
0 0.59577 0.5 0.00126 1
0 0.60581 0.5 0.00126 1
0 0.61585 0.5 0.00126 1
0 0.62587 0.5 0.00126 1
0 0.63591 0.5 0.00126 1
0 0.64595 0.5 0.00126 1
0 0.65597 0.5 0.00126 1
0 0.66601 0.5 0.00126 1
0 0.67605 0.5 0.00126 1
0 0.68607 0.5 0.00126 1
0 0.69611 0.5 0.00126 1
0 0.70615 0.5 0.00126 1
0 0.71617 0.5 0.00126 1
0 0.72621 0.5 0.00126 1
0 0.73623 0.5 0.00126 1
0 0.74627 0.5 0.00126 1
0 0.75631 0.5 0.00126 1
0 0.76633 0.5 0.00126 1
0 0.77638 0.5 0.00128 1
0 0.78643 0.5 0.00126 1
0 0.79646 0.5 0.00128 1
0 0.80651 0.5 0.00126 1
0 0.81653 0.5 0.00126 1
0 0.82657 0.5 0.00126 1
0 0.83661 0.5 0.00126 1
0 0.84663 0.5 0.00126 1
0 0.85667 0.5 0.00126 1
0 0.86671 0.5 0.00126 1
0 0.87673 0.5 0.00126 1
0 0.88677 0.5 0.00126 1
0 0.89679 0.5 0.00126 1
0 0.90681 0.5 0.00126 1
0 0.91685 0.5 0.00126 1
0 0.92687 0.5 0.00126 1
0 0.93691 0.5 0.00126 1
0 0.94695 0.5 0.00126 1
0 0.95729 0.5 0.00126 1
0 0.96733 0.5 0.00126 1
0 0.97767 0.5 0.00126 1
0 0.98771 0.5 0.00126 1
0 0.99773 0.5 0.00126 1
