21 0.4354 0.5 0.01184 1
8 0.98475 0.5 0.00162 1
2 0.52217 0.5 0.00266 1
15 0.86131 0.5 0.00138 1
3 0.9754 0.5 0.0036 1
3 0.98313 0.5 0.00422 1
2 1.01827 0.5 0.0443 1
24 0.27136 0.5 0.0056 1
24 0.42506 0.5 0.0002 1
24 0.42853 0.5 0.0005 1
24 0.5516 0.5 0.00312 1
24 0.765 0.5 0.00176 1
1 0.12569 0.5 0.00494 1
4 0.25822 0.5 0.01108 1
4 0.42672 0.5 0.00308 1
18 0.01701 0.5 0.0007 1
18 0.07878 0.5 0.00056 1
18 0.10721 0.5 0.00098 1
18 0.27641 0.5 0.00078 1
18 0.71598 0.5 0.00044 1
18 0.86494 0.5 0.00104 1
18 0.87607 0.5 0.00138 1
