8 0.91368 0.5 0.00964 1
8 0.96075 0.5 0.08446 1
2 0.15061 0.5 0.0065 1
2 0.16953 0.5 0.03154 1
2 0.1873 0.5 0.00164 1
2 0.23103 0.5 0.0877 1
2 0.27255 0.5 0.01006 1
2 0.28296 0.5 0.0084 1
2 0.28975 0.5 0.00434 1
2 0.32353 0.5 0.06194 1
2 0.40438 0.5 0.10008 1
2 0.45727 0.5 0.00254 1
2 0.46853 0.5 0.00526 1
5 0.54543 0.5 0.00214 1
19 0.59985 0.5 0.00298 1
5 0.60645 0.5 0.00634 1
5 0.61423 0.5 0.00486 1
3 0.62671 0.5 0.01958 1
5 0.64083 0.5 0.00862 1
2 0.65825 0.5 0.00074 1
2 0.66089 0.5 0.0019 1
2 0.66271 0.5 0.0015 1
15 0.8245 0.5 0.00364 1
2 0.82962 0.5 0.00552 1
2 0.84481 0.5 0.00678 1
25 0.84916 0.5 0.00168 1
15 0.85115 0.5 0.00246 1
2 0.89134 0.5 0.00172 1
2 0.89561 0.5 0.00346 1
2 0.90413 0.5 0.00254 1
2 0.90764 0.5 0.0024 1
18 0.87614 0.5 0.0006 1
