21 0.02307 0.5 0.00618 1
21 0.34417 0.5 0.00262 1
21 0.3467 0.5 0.0024 1
21 0.37636 0.5 0.00132 1
21 0.38874 0.5 0.0062 1
8 0.65097 0.5 0.00302 1
8 0.68326 0.5 0.00336 1
2 0.06092 0.5 0.009 1
15 0.06979 0.5 0.00286 1
25 0.07777 0.5 0.00186 1
2 0.09962 0.5 0.01092 1
2 0.17445 0.5 0.0015 1
15 0.40362 0.5 0.00896 1
2 0.50128 0.5 0.00668 1
2 0.52216 0.5 0.0054 1
2 0.64395 0.5 0.00578 1
5 0.65391 0.5 0.00282 1
5 0.68091 0.5 0.00274 1
2 0.7031 0.5 0.00152 1
11 0.74715 0.5 0.0277 1
11 0.77098 0.5 0.02048 1
2 0.8473 0.5 0.0138 1
11 0.94105 0.5 0.12486 1
24 0.00656 0.5 0.0116 1
24 0.01437 0.5 0.00254 1
24 0.19536 0.5 0.00604 1
24 0.42868 0.5 0.0088 1
24 0.43632 0.5 0.00084 1
24 0.59702 0.5 0.0882 1
4 0.1265 0.5 0.0052 1
4 0.72785 0.5 0.00754 1
4 0.79568 0.5 0.01424 1
18 0.10578 0.5 0.00088 1
18 0.18414 0.5 0.00092 1
18 0.68598 0.5 0.00064 1
