21 0.01537 0.5 0.00106 1
21 0.02084 0.5 0.00984 1
21 0.04393 0.5 0.00506 1
21 0.05457 0.5 0.01618 1
21 0.06785 0.5 0.01034 1
21 0.08048 0.5 0.01348 1
21 0.09408 0.5 0.01368 1
21 0.10269 0.5 0.00326 1
21 0.18688 0.5 0.13728 1
21 0.25895 0.5 0.00682 1
21 0.26433 0.5 0.00406 1
21 0.26845 0.5 0.00414 1
21 0.27331 0.5 0.00546 1
21 0.28325 0.5 0.0145 1
21 0.29227 0.5 0.0035 1
21 0.30552 0.5 0.02296 1
21 0.31876 0.5 0.00316 1
21 0.32084 0.5 0.00056 1
21 0.32385 0.5 0.00542 1
21 0.35721 0.5 0.00446 1
21 0.36181 0.5 0.00466 1
21 0.37508 0.5 0.0218 1
21 0.39212 0.5 0.01224 1
21 0.40313 0.5 0.00974 1
21 0.4328 0.5 0.04956 1
21 0.46719 0.5 0.01906 1
21 0.49716 0.5 0.04028 1
21 0.52984 0.5 0.0242 1
21 0.54989 0.5 0.01698 1
21 0.56098 0.5 0.0012 1
21 0.59194 0.5 0.0592 1
21 0.62365 0.5 0.00418 1
21 0.63133 0.5 0.0119 1
21 0.65004 0.5 0.02544 1
21 0.70728 0.5 0.02756 1
21 0.72595 0.5 0.00974 1
21 0.73576 0.5 0.00984 1
21 0.75312 0.5 0.00872 1
21 0.75881 0.5 0.00262 1
21 0.76608 0.5 0.01188 1
21 0.78349 0.5 0.01042 1
0 0.87736 0.5 0.00136 1
0 0.88257 0.5 0.00126 1
0 0.89247 0.5 0.00106 1
0 0.89753 0.5 0.00126 1
0 0.90741 0.5 0.00106 1
0 0.91249 0.5 0.00126 1
0 0.92239 0.5 0.00106 1
0 0.92745 0.5 0.00126 1
0 0.93735 0.5 0.00106 1
0 0.94241 0.5 0.00126 1
0 0.95227 0.5 0.00106 1
0 0.95735 0.5 0.00126 1
0 0.96722 0.5 0.00104 1
0 0.97227 0.5 0.00126 1
0 0.98217 0.5 0.00106 1
0 0.98727 0.5 0.00126 1
0 0.99717 0.5 0.00106 1
11 0.35078 0.5 0.00836 1
11 0.66634 0.5 0.00712 1
11 0.68167 0.5 0.0237 1
11 0.79066 0.5 0.00388 1
11 0.79255 0.5 0.00158 1
11 0.80991 0.5 0.01794 1
11 0.82331 0.5 0.00902 1
11 0.85335 0.5 0.03326 1
18 0.10938 0.5 0.00072 1
18 0.34616 0.5 0.00072 1
18 0.89636 0.5 0.00056 1
18 0.996 0.5 0.00052 1
