8 0.0244 0.5 0.00772 1
21 0.04182 0.5 0.02264 1
21 0.10816 0.5 0.11072 1
21 0.16494 0.5 0.00268 1
21 0.17775 0.5 0.0229 1
21 0.26764 0.5 0.00188 1
21 0.27439 0.5 0.00406 1
21 0.27857 0.5 0.00426 1
21 0.34693 0.5 0.00154 1
21 0.36194 0.5 0.02476 1
21 0.38537 0.5 0.00714 1
21 0.39147 0.5 0.00434 1
21 0.3993 0.5 0.01108 1
21 0.40976 0.5 0.0092 1
21 0.4196 0.5 0.00968 1
21 0.42887 0.5 0.00882 1
25 0.20765 0.5 0.00358 1
13 0.22054 0.5 0.01404 1
13 0.22757 0.5 0.00286 1
13 0.22915 0.5 0.00258 1
6 0.4511 0.5 0.0052 1
6 0.48245 0.5 0.00358 1
2 0.6036 0.5 0.00284 1
2 0.60524 0.5 0.00072 1
2 0.67141 0.5 0.0159 1
2 0.68249 0.5 0.00158 1
3 0.85898 0.5 0.02388 1
6 0.87353 0.5 0.00526 1
2 0.98393 0.5 0.00302 1
24 0.51779 0.5 0.00242 1
24 0.53797 0.5 0.0015 1
24 0.55139 0.5 0.01454 1
24 0.56693 0.5 0.01054 1
24 0.59783 0.5 0.0055 1
24 0.7508 0.5 0.00516 1
24 0.77032 0.5 0.00348 1
24 0.78562 0.5 0.00212 1
24 0.79697 0.5 0.01782 1
24 0.81534 0.5 0.0012 1
4 0.48744 0.5 0.0022 1
4 0.60771 0.5 0.00418 1
4 0.61073 0.5 0.0017 1
4 0.7173 0.5 0.00452 1
4 0.9059 0.5 0.00328 1
