21 0.00376 0.5 0.00732 1
21 0.01431 0.5 0.00126 1
21 0.05586 0.5 0.01032 1
11 0.01814 0.5 0.00616 1
2 0.05027 0.5 0.00094 1
2 0.06701 0.5 0.01194 1
2 0.07964 0.5 0.00596 1
2 0.13231 0.5 0.00638 1
2 0.17413 0.5 0.0255 1
2 0.19847 0.5 0.01762 1
2 0.21163 0.5 0.00166 1
25 0.48078 0.5 0.00608 1
25 0.48803 0.5 0.00602 1
25 0.55447 0.5 0.00562 1
6 0.63725 0.5 0.0037 1
5 0.69638 0.5 0.0096 1
2 0.88406 0.5 0.35828 1
24 0.46804 0.5 0.00148 1
4 0.22648 0.5 0.0102 1
4 0.25604 0.5 0.04376 1
4 0.33141 0.5 0.00626 1
4 0.34431 0.5 0.00102 1
4 0.34764 0.5 0.00196 1
4 0.35157 0.5 0.00242 1
4 0.36048 0.5 0.0132 1
4 0.39999 0.5 0.00286 1
4 0.40446 0.5 0.00248 1
4 0.41052 0.5 0.002 1
4 0.41511 0.5 0.00118 1
4 0.42804 0.5 0.02068 1
18 0.55997 0.5 0.00094 1
18 0.60182 0.5 0.00096 1
