21 0.08781 0.5 0.0277 1
8 0.11196 0.5 0.00544 1
8 0.13814 0.5 0.01212 1
21 0.39323 0.5 0.00742 1
2 0.26615 0.5 0.00202 1
5 0.35839 0.5 0.00302 1
5 0.36491 0.5 0.00446 1
15 0.37324 0.5 0.01216 1
15 0.38063 0.5 0.00354 1
2 0.75834 0.5 0.09856 1
2 0.91461 0.5 0.0055 1
2 0.93294 0.5 0.00536 1
24 0.19295 0.5 0.00146 1
1 0.7062 0.5 0.0012 1
4 0.17778 0.5 0.01736 1
4 0.20315 0.5 0.0189 1
4 0.46593 0.5 0.00062 1
4 0.94844 0.5 0.01028 1
18 0.12531 0.5 0.00086 1
18 0.42237 0.5 0.00054 1
18 0.56409 0.5 0.00142 1
18 0.82754 0.5 0.00092 1
18 0.89506 0.5 0.00056 1
