8 0.59003 0.5 0.00322 1
8 0.59869 0.5 0.01406 1
8 0.61421 0.5 0.01478 1
8 0.62414 0.5 0.00276 1
21 0.63052 0.5 0.00996 1
21 0.67704 0.5 0.08304 1
21 0.75587 0.5 0.07134 1
21 0.825 0.5 0.0558 1
21 0.85792 0.5 0.01 1
8 0.86978 0.5 0.01368 1
8 0.87825 0.5 0.00322 1
5 0.02053 0.5 0.00742 1
5 0.02752 0.5 0.00456 1
5 0.02989 0.5 0.0007 1
5 0.04891 0.5 0.00506 1
5 0.06303 0.5 0.0235 1
5 0.09083 0.5 0.00542 1
2 0.35852 0.5 0.00284 1
2 0.36465 0.5 0.00282 1
6 0.40164 0.5 0.00524 1
2 0.57071 0.5 0.00378 1
2 0.57395 0.5 0.00266 1
2 0.58524 0.5 0.00216 1
2 0.89206 0.5 0.00464 1
2 0.96687 0.5 0.00742 1
2 0.98534 0.5 0.00376 1
24 0.09991 0.5 0.00362 1
24 0.41913 0.5 0.00162 1
4 0.15316 0.5 0.01104 1
4 0.16682 0.5 0.01648 1
4 0.30123 0.5 0.0157 1
18 0.29083 0.5 0.00082 1
18 0.29264 0.5 0.00084 1
18 0.94757 0.5 0.00062 1
