8 0.26399 0.5 0.00238 1
8 0.27466 0.5 0.00488 1
0 0.68769 0.5 0.00714 1
0 0.69239 0.5 0.00222 1
0 0.69686 0.5 0.00664 1
2 0.16168 0.5 0.03504 1
2 0.28714 0.5 0.00464 1
2 0.29486 0.5 0.00244 1
5 0.63876 0.5 0.00308 1
24 0.54135 0.5 0.00278 1
24 0.54358 0.5 0.00172 1
24 0.84016 0.5 0.02264 1
24 0.90563 0.5 0.09442 1
4 0.1884 0.5 0.01152 1
4 0.42377 0.5 0.01338 1
4 0.76415 0.5 0.01254 1
4 0.78777 0.5 0.00258 1
4 0.79129 0.5 0.00158 1
4 0.80494 0.5 0.00856 1
18 0.01868 0.5 0.00056 1
18 0.18081 0.5 0.00058 1
18 0.31081 0.5 0.00162 1
18 0.61058 0.5 0.00084 1
