0 0.01039 0.5 0.00126 1
0 0.02041 0.5 0.00126 1
0 0.03045 0.5 0.00126 1
0 0.04063 0.5 0.00126 1
0 0.05067 0.5 0.00126 1
0 0.06071 0.5 0.00126 1
0 0.07075 0.5 0.00126 1
0 0.08079 0.5 0.00126 1
0 0.09082 0.5 0.00124 1
0 0.10085 0.5 0.00126 1
0 0.11089 0.5 0.00126 1
0 0.12093 0.5 0.00126 1
0 0.13097 0.5 0.00126 1
0 0.14101 0.5 0.00126 1
0 0.15105 0.5 0.00126 1
0 0.16109 0.5 0.00126 1
0 0.17113 0.5 0.00126 1
0 0.18117 0.5 0.00126 1
0 0.19121 0.5 0.00126 1
0 0.20125 0.5 0.00126 1
0 0.21127 0.5 0.00126 1
0 0.22131 0.5 0.00126 1
0 0.23135 0.5 0.00126 1
0 0.24121 0.5 0.00126 1
0 0.25125 0.5 0.00126 1
0 0.26129 0.5 0.00126 1
0 0.27133 0.5 0.00126 1
0 0.28137 0.5 0.00126 1
0 0.29141 0.5 0.00126 1
0 0.30145 0.5 0.00126 1
0 0.31148 0.5 0.00124 1
0 0.32151 0.5 0.00126 1
0 0.33155 0.5 0.00126 1
0 0.34141 0.5 0.00126 1
0 0.35145 0.5 0.00126 1
0 0.36149 0.5 0.00126 1
0 0.37153 0.5 0.00126 1
0 0.38157 0.5 0.00126 1
0 0.39158 0.5 0.00124 1
0 0.40161 0.5 0.00126 1
0 0.41165 0.5 0.00126 1
0 0.42166 0.5 0.00124 1
0 0.43169 0.5 0.00126 1
0 0.44173 0.5 0.00126 1
0 0.45176 0.5 0.00124 1
0 0.46179 0.5 0.00126 1
0 0.47183 0.5 0.00126 1
0 0.48187 0.5 0.00126 1
0 0.49191 0.5 0.00126 1
0 0.50195 0.5 0.00126 1
0 0.51199 0.5 0.00126 1
0 0.52203 0.5 0.00126 1
0 0.53207 0.5 0.00126 1
0 0.54211 0.5 0.00126 1
0 0.55215 0.5 0.00126 1
0 0.56219 0.5 0.00126 1
0 0.57223 0.5 0.00126 1
0 0.58227 0.5 0.00126 1
0 0.59231 0.5 0.00126 1
0 0.60235 0.5 0.00126 1
0 0.61239 0.5 0.00126 1
0 0.62243 0.5 0.00126 1
0 0.63247 0.5 0.00126 1
0 0.64251 0.5 0.00126 1
0 0.65255 0.5 0.00126 1
0 0.66259 0.5 0.00126 1
0 0.67263 0.5 0.00126 1
0 0.68267 0.5 0.00126 1
0 0.69271 0.5 0.00126 1
0 0.70275 0.5 0.00126 1
0 0.71279 0.5 0.00126 1
0 0.72283 0.5 0.00126 1
0 0.73287 0.5 0.00126 1
0 0.74289 0.5 0.00126 1
0 0.75289 0.5 0.00126 1
0 0.76291 0.5 0.00126 1
0 0.77293 0.5 0.00126 1
0 0.78297 0.5 0.00126 1
0 0.79299 0.5 0.00126 1
0 0.80301 0.5 0.00126 1
0 0.81303 0.5 0.00126 1
0 0.82305 0.5 0.00126 1
0 0.83309 0.5 0.00126 1
0 0.84311 0.5 0.00126 1
0 0.85315 0.5 0.00126 1
0 0.86319 0.5 0.00126 1
0 0.87323 0.5 0.00126 1
0 0.88325 0.5 0.00126 1
0 0.89329 0.5 0.00126 1
0 0.90333 0.5 0.00126 1
0 0.91337 0.5 0.00126 1
0 0.92339 0.5 0.00126 1
0 0.93343 0.5 0.00126 1
0 0.94347 0.5 0.00126 1
0 0.95351 0.5 0.00126 1
0 0.96355 0.5 0.00126 1
0 0.97359 0.5 0.00126 1
0 0.98361 0.5 0.00126 1
0 0.99365 0.5 0.00126 1
