21 0.00238 0.5 0.00392 1
21 0.05578 0.5 0.10212 1
21 0.1223 0.5 0.00072 1
8 0.38023 0.5 0.00118 1
21 0.48078 0.5 0.02304 1
21 0.55206 0.5 0.11948 1
21 0.62292 0.5 0.02292 1
21 0.73962 0.5 0.0322 1
2 0.18869 0.5 0.00262 1
2 0.20812 0.5 0.00776 1
2 0.2156 0.5 0.00208 1
5 0.31499 0.5 0.03754 1
5 0.3549 0.5 0.03156 1
5 0.38458 0.5 0.00532 1
5 0.40744 0.5 0.00204 1
2 0.65643 0.5 0.0025 1
3 0.66069 0.5 0.00558 1
13 0.66686 0.5 0.00672 1
15 0.67745 0.5 0.00694 1
15 0.68991 0.5 0.0037 1
2 0.90276 0.5 0.00312 1
2 0.91712 0.5 0.0194 1
2 0.94666 0.5 0.03996 1
2 0.97868 0.5 0.02304 1
2 0.99354 0.5 0.0046 1
4 0.68961 0.5 0.00346 1
18 0.25323 0.5 0.00082 1
18 0.27757 0.5 0.00062 1
