2 0.01269 0.5 0.00074 1
2 0.0169 0.5 0.002 1
2 0.02127 0.5 0.00478 1
2 0.02627 0.5 0.00502 1
2 0.03079 0.5 0.00386 1
2 0.03787 0.5 0.00518 1
2 0.04295 0.5 0.00478 1
2 0.05803 0.5 0.0237 1
2 0.07145 0.5 0.00162 1
2 0.08076 0.5 0.00644 1
2 0.61193 0.5 0.01738 1
2 0.6343 0.5 0.02756 1
2 0.66415 0.5 0.00486 1
5 0.77755 0.5 0.00294 1
5 0.84643 0.5 0.00166 1
2 0.8801 0.5 0.01044 1
5 0.96805 0.5 0.00306 1
2 0.99503 0.5 0.0127 1
23 0.2091 0.5 0.00516 1
24 0.26924 0.5 0.00324 1
9 0.25208 0.5 0.013 1
4 0.26299 0.5 0.00942 1
4 0.27358 0.5 0.0032 1
4 0.78167 0.5 0.0031 1
4 0.90634 0.5 0.01064 1
4 0.92236 0.5 0.02052 1
18 0.45664 0.5 0.00104 1
18 0.46862 0.5 0.00088 1
18 0.65373 0.5 0.00098 1
