21 0.09607 0.5 0.0389 1
21 0.38946 0.5 0.0086 1
21 0.42488 0.5 0.01636 1
21 0.46012 0.5 0.05408 1
21 0.4948 0.5 0.0148 1
21 0.51397 0.5 0.02318 1
8 0.53042 0.5 0.00968 1
21 0.53569 0.5 0.00086 1
21 0.54715 0.5 0.02202 1
21 0.57111 0.5 0.02602 1
21 0.59124 0.5 0.0142 1
21 0.96057 0.5 0.00066 1
21 0.97232 0.5 0.02124 1
11 0.61506 0.5 0.00424 1
2 0.62164 0.5 0.00888 1
2 0.62895 0.5 0.00146 1
2 0.63958 0.5 0.00276 1
2 0.80019 0.5 0.00194 1
4 0.62704 0.5 0.00248 1
4 0.92491 0.5 0.02702 1
4 0.93921 0.5 0.0017 1
