0 0.00741 0.5 0.00106 1
0 0.01249 0.5 0.00126 1
0 0.02239 0.5 0.00106 1
0 0.02745 0.5 0.00126 1
0 0.03735 0.5 0.00106 1
0 0.04241 0.5 0.00126 1
0 0.05227 0.5 0.00106 1
0 0.05735 0.5 0.00126 1
0 0.06722 0.5 0.00104 1
0 0.07227 0.5 0.00126 1
0 0.08217 0.5 0.00106 1
0 0.08727 0.5 0.00126 1
0 0.09717 0.5 0.00106 1
0 0.10227 0.5 0.00126 1
0 0.11213 0.5 0.00106 1
0 0.11695 0.5 0.00126 1
0 0.12695 0.5 0.00126 1
0 0.13687 0.5 0.00106 1
0 0.14187 0.5 0.00138 1
0 0.15183 0.5 0.00106 1
0 0.15694 0.5 0.00144 1
0 0.16671 0.5 0.00106 1
0 0.17177 0.5 0.00126 1
0 0.18187 0.5 0.00146 1
0 0.19165 0.5 0.00106 1
0 0.19673 0.5 0.00126 1
0 0.20671 0.5 0.00126 1
0 0.21663 0.5 0.00106 1
0 0.22169 0.5 0.00126 1
0 0.23159 0.5 0.00106 1
0 0.2367 0.5 0.00144 1
0 0.24647 0.5 0.00106 1
0 0.25153 0.5 0.00126 1
0 0.26163 0.5 0.00146 1
0 0.27142 0.5 0.00104 1
0 0.27649 0.5 0.00126 1
0 0.28634 0.5 0.00104 1
0 0.29141 0.5 0.00126 1
0 0.30131 0.5 0.00106 1
0 0.30631 0.5 0.00106 1
0 0.31137 0.5 0.00126 1
0 0.32129 0.5 0.00106 1
0 0.32629 0.5 0.00106 1
0 0.33132 0.5 0.0014 1
0 0.34128 0.5 0.001 1
0 0.34631 0.5 0.00126 1
0 0.35627 0.5 0.00126 1
0 0.36609 0.5 0.00106 1
0 0.37121 0.5 0.00122 1
11 0.3827 0.5 0.00808 1
11 0.39192 0.5 0.00928 1
11 0.40968 0.5 0.02692 1
11 0.44061 0.5 0.01722 1
11 0.45844 0.5 0.01712 1
11 0.47216 0.5 0.00928 1
11 0.48992 0.5 0.02692 1
11 0.54803 0.5 0.07158 1
11 0.61995 0.5 0.05454 1
11 0.68245 0.5 0.05446 1
11 0.73567 0.5 0.03582 1
11 0.75843 0.5 0.00986 1
11 0.77582 0.5 0.009 1
11 0.7982 0.5 0.03588 1
11 0.82057 0.5 0.00902 1
11 0.82996 0.5 0.00992 1
11 0.86164 0.5 0.01796 1
11 0.87995 0.5 0.01882 1
11 0.91569 0.5 0.0367 1
11 0.97307 0.5 0.0621 1
18 0.096 0.5 0.00052 1
18 0.30513 0.5 0.00054 1
18 0.32018 0.5 0.00052 1
