21 0.19254 0.5 0.01556 1
8 0.75455 0.5 0.00338 1
8 0.80103 0.5 0.08954 1
8 0.84761 0.5 0.00358 1
21 0.91726 0.5 0.0352 1
21 1.03216 0.5 0.19456 1
11 0.20742 0.5 0.01416 1
11 0.21768 0.5 0.00476 1
2 0.27089 0.5 0.03378 1
2 0.29429 0.5 0.00246 1
2 0.29524 0.5 0.00284 1
12 0.32803 0.5 0.00882 1
2 0.46938 0.5 0.00532 1
2 0.47273 0.5 0.00126 1
2 0.87758 0.5 0.04412 1
24 0.32037 0.5 0.00106 1
4 0.08709 0.5 0.02026 1
4 0.3149 0.5 0.00456 1
4 0.31886 0.5 0.0036 1
4 0.55836 0.5 0.00804 1
4 0.58231 0.5 0.04002 1
4 0.62523 0.5 0.03766 1
4 0.64707 0.5 0.00618 1
4 0.68955 0.5 0.07878 1
18 0.43245 0.5 0.0011 1
18 0.51602 0.5 0.00064 1
