21 0.74078 0.5 0.0218 1
21 0.7543 0.5 0.0052 1
21 0.77491 0.5 0.03606 1
21 0.81043 0.5 0.01346 1
21 0.83702 0.5 0.03996 1
21 0.85724 0.5 0.00176 1
21 0.87601 0.5 0.02182 1
21 0.92307 0.5 0.00618 1
2 0.13767 0.5 0.0025 1
2 0.13833 0.5 0.00154 1
2 0.18916 0.5 0.09468 1
2 0.24954 0.5 0.0268 1
2 0.2652 0.5 0.00488 1
2 0.29203 0.5 0.04858 1
2 0.36824 0.5 0.10404 1
2 0.4304 0.5 0.00244 1
2 0.43305 0.5 0.00242 1
2 0.43612 0.5 0.00388 1
2 0.44024 0.5 0.00448 1
2 0.44591 0.5 0.00234 1
2 0.46092 0.5 0.02144 1
2 0.48127 0.5 0.00334 1
15 0.51508 0.5 0.00724 1
12 0.6162 0.5 0.0084 1
13 0.79832 0.5 0.01072 1
2 0.96092 0.5 0.009 1
15 0.96979 0.5 0.00286 1
25 0.97777 0.5 0.00186 1
2 0.99962 0.5 0.01092 1
24 0.71609 0.5 0.00178 1
24 0.89699 0.5 0.00618 1
24 0.90656 0.5 0.0116 1
24 0.91437 0.5 0.00254 1
1 0.05101 0.5 0.0015 1
4 0.01375 0.5 0.00194 1
18 0.05492 0.5 0.00128 1
18 0.14117 0.5 0.00062 1
