8 0.524 0.5 0.00296 1
8 0.57704 0.5 0.07984 1
8 0.61846 0.5 0.00296 1
6 0.24101 0.5 0.00526 1
2 0.28565 0.5 0.01378 1
2 0.29841 0.5 0.01022 1
2 0.70274 0.5 0.00964 1
15 0.82761 0.5 0.00426 1
15 0.83041 0.5 0.00254 1
2 1.00506 0.5 0.02388 1
24 0.22063 0.5 0.00118 1
24 0.23191 0.5 0.00114 1
24 0.98285 0.5 0.00438 1
4 0.21111 0.5 0.0199 1
4 0.23502 0.5 0.00684 1
4 0.23812 0.5 0.00048 1
4 0.24572 0.5 0.00412 1
4 0.24894 0.5 0.00168 1
18 0.25693 0.5 0.0009 1
18 0.49423 0.5 0.00074 1
18 0.80763 0.5 0.0007 1
18 0.91419 0.5 0.00106 1
