21 0.41445 0.5 0.00506 1
21 0.43298 0.5 0.03196 1
21 0.47882 0.5 0.05968 1
21 0.51365 0.5 0.0105 1
21 0.52137 0.5 0.00466 1
21 0.54539 0.5 0.00882 1
21 0.56749 0.5 0.03538 1
21 0.58678 0.5 0.00316 1
21 0.60051 0.5 0.0253 1
21 0.62262 0.5 0.01312 1
21 0.63511 0.5 0.0077 1
21 0.64451 0.5 0.0109 1
21 0.65544 0.5 0.00328 1
21 0.69568 0.5 0.03936 1
21 0.723 0.5 0.01016 1
21 0.75839 0.5 0.06058 1
21 0.85167 0.5 0.12614 1
21 0.91537 0.5 0.00106 1
21 0.92084 0.5 0.00984 1
21 0.94393 0.5 0.00506 1
21 0.95457 0.5 0.01618 1
21 0.96785 0.5 0.01034 1
21 0.98048 0.5 0.01348 1
21 0.99408 0.5 0.01368 1
11 0.04533 0.5 0.0011 1
11 0.09169 0.5 0.0915 1
11 0.15224 0.5 0.02924 1
11 0.173 0.5 0.01104 1
11 0.18693 0.5 0.00426 1
5 0.20746 0.5 0.00628 1
11 0.27238 0.5 0.00896 1
2 0.28958 0.5 0.00824 1
2 0.29741 0.5 0.00286 1
2 0.30461 0.5 0.00518 1
2 0.3374 0.5 0.01244 1
2 0.34832 0.5 0.00308 1
2 0.35466 0.5 0.003 1
25 0.5383 0.5 0.00064 1
25 0.67306 0.5 0.00064 1
24 0.31162 0.5 0.0088 1
18 0.23198 0.5 0.00064 1
