21 0.34437 0.5 0.01162 1
21 0.42724 0.5 0.02336 1
21 0.44108 0.5 0.00428 1
21 0.45983 0.5 0.03242 1
21 0.49401 0.5 0.0359 1
21 0.51503 0.5 0.0049 1
21 0.5276 0.5 0.00748 1
21 0.53518 0.5 0.00776 1
21 0.53991 0.5 0.0017 1
21 0.54285 0.5 0.00422 1
21 0.57266 0.5 0.03232 1
21 0.59717 0.5 0.01646 1
21 0.62004 0.5 0.00288 1
21 0.63478 0.5 0.02672 1
21 0.65984 0.5 0.02336 1
21 0.67245 0.5 0.00182 1
21 0.693 0.5 0.03944 1
21 0.71792 0.5 0.01036 1
21 0.72735 0.5 0.00846 1
21 0.73743 0.5 0.0051 1
21 0.74631 0.5 0.01038 1
21 0.75425 0.5 0.00538 1
21 0.77411 0.5 0.03486 1
21 0.79181 0.5 0.00062 1
21 0.81177 0.5 0.03926 1
21 0.83518 0.5 0.0068 1
21 0.84941 0.5 0.0223 1
21 0.88356 0.5 0.04596 1
21 0.91513 0.5 0.01714 1
21 0.93728 0.5 0.02748 1
21 0.95621 0.5 0.01034 1
21 0.98829 0.5 0.05374 1
2 0.21151 0.5 0.0057 1
2 0.25207 0.5 0.00778 1
2 0.25784 0.5 0.00112 1
2 0.26545 0.5 0.0029 1
2 0.29923 0.5 0.00234 1
11 0.31844 0.5 0.01832 1
11 0.33102 0.5 0.00752 1
11 0.35095 0.5 0.0015 1
11 0.35726 0.5 0.00748 1
11 0.38108 0.5 0.02068 1
11 0.40031 0.5 0.01666 1
11 0.41312 0.5 0.00476 1
4 0.30222 0.5 0.00344 1
