8 0.7483 0.5 0.0034 1
8 0.75167 0.5 0.0011 1
8 0.75581 0.5 0.00082 1
25 0.09427 0.5 0.00642 1
25 0.09723 0.5 0.00082 1
15 0.09744 0.5 0.00116 1
2 0.11484 0.5 0.002 1
5 0.16934 0.5 0.00432 1
2 0.19796 0.5 0.00252 1
2 0.1996 0.5 0.00072 1
10 0.26352 0.5 0.04528 1
2 0.29289 0.5 0.00534 1
2 0.29659 0.5 0.00222 1
2 0.55898 0.5 0.0046 1
2 0.56424 0.5 0.00296 1
2 0.56968 0.5 0.00664 1
2 0.63395 0.5 0.00266 1
13 0.68295 0.5 0.00398 1
15 0.85309 0.5 0.0037 1
15 0.98004 0.5 0.00392 1
24 0.86093 0.5 0.00246 1
24 0.87202 0.5 0.01068 1
24 0.91203 0.5 0.06298 1
24 0.95519 0.5 0.01482 1
24 0.98667 0.5 0.00818 1
24 1.00768 0.5 0.02384 1
4 0.31664 0.5 0.03528 1
4 0.44524 0.5 0.22192 1
4 0.60802 0.5 0.0438 1
4 0.67928 0.5 0.00328 1
4 0.73523 0.5 0.01866 1
