0 0.407 0.5 0.00628 1
21 0.50379 0.5 0.00974 1
21 0.58358 0.5 0.1498 1
21 0.67766 0.5 0.0054 1
21 0.6902 0.5 0.01588 1
21 0.71351 0.5 0.02806 1
21 0.72818 0.5 0.00092 1
21 0.99654 0.5 0.02352 1
11 0.02305 0.5 0.00306 1
2 0.07219 0.5 0.0159 1
2 0.08336 0.5 0.00176 1
15 0.22224 0.5 0.0104 1
2 0.38928 0.5 0.00748 1
15 0.47821 0.5 0.0139 1
15 0.49075 0.5 0.00274 1
11 0.77825 0.5 0.0589 1
11 0.81704 0.5 0.01864 1
11 0.8294 0.5 0.0052 1
2 0.83752 0.5 0.01116 1
15 0.91762 0.5 0.07696 1
2 0.9586 0.5 0.00036 1
2 0.96371 0.5 0.00982 1
2 0.9694 0.5 0.00152 1
24 0.41128 0.5 0.0022 1
24 0.8599 0.5 0.00988 1
4 0.65955 0.5 0.00178 1
