21 0.24278 0.5 0.00132 1
8 0.2753 0.5 0.00844 1
8 0.28068 0.5 0.00256 1
8 0.28301 0.5 0.0021 1
8 0.28445 0.5 0.00086 1
8 0.29845 0.5 0.02742 1
8 0.31558 0.5 0.0068 1
2 0.01461 0.5 0.0055 1
2 0.03294 0.5 0.00536 1
2 0.35405 0.5 0.00626 1
2 0.43307 0.5 0.00158 1
2 0.64704 0.5 0.00252 1
2 0.65234 0.5 0.00804 1
2 0.65659 0.5 0.00042 1
2 0.77334 0.5 0.00188 1
24 0.26963 0.5 0.00182 1
24 0.33208 0.5 0.02604 1
24 0.51531 0.5 0.00162 1
24 0.80591 0.5 0.0011 1
4 0.04844 0.5 0.01028 1
4 0.79856 0.5 0.0154 1
18 0.47598 0.5 0.00092 1
18 0.7401 0.5 0.0008 1
18 0.82989 0.5 0.00086 1
18 0.91203 0.5 0.00074 1
