8 0.25776 0.5 0.00228 1
8 0.5322 0.5 0.00316 1
8 0.53653 0.5 0.00274 1
8 0.5916 0.5 0.00672 1
8 0.65155 0.5 0.11314 1
8 0.7115 0.5 0.00672 1
6 0.26244 0.5 0.004 1
2 0.58098 0.5 0.00636 1
13 0.82598 0.5 0.01088 1
24 0.46082 0.5 0.00328 1
24 0.93524 0.5 0.00564 1
4 0.93915 0.5 0.00226 1
18 0.21954 0.5 0.00116 1
18 0.30997 0.5 0.0009 1
18 0.73246 0.5 0.00132 1
18 0.76285 0.5 0.0009 1
18 0.7784 0.5 0.00096 1
18 0.80021 0.5 0.00122 1
18 0.85016 0.5 0.00076 1
18 0.86402 0.5 0.0006 1
18 0.93024 0.5 0.00132 1
