8 0.39152 0.5 0.00684 1
8 0.39684 0.5 0.00452 1
8 0.60217 0.5 0.0019 1
8 0.64158 0.5 0.00868 1
8 0.67028 0.5 0.00896 1
21 0.80766 0.5 0.00344 1
12 0.20922 0.5 0.00232 1
10 0.2585 0.5 0.00156 1
2 0.33018 0.5 0.02584 1
5 0.66215 0.5 0.00214 1
24 0.27149 0.5 0.00134 1
24 0.28676 0.5 0.01708 1
24 0.4773 0.5 0.01044 1
24 0.73833 0.5 0.00186 1
1 0.4469 0.5 0.00216 1
4 0.17962 0.5 0.02212 1
4 0.19256 0.5 0.00172 1
4 0.26642 0.5 0.01064 1
4 0.7463 0.5 0.01592 1
4 0.7659 0.5 0.02208 1
18 0.40597 0.5 0.00118 1
18 0.58829 0.5 0.0007 1
18 0.7341 0.5 0.00072 1
18 0.81063 0.5 0.00086 1
