8 0.10373 0.5 0.01842 1
15 0.04501 0.5 0.01186 1
15 0.06101 0.5 0.00858 1
11 0.06643 0.5 0.00222 1
11 0.06789 0.5 0.00142 1
11 0.07943 0.5 0.00382 1
2 0.08786 0.5 0.013 1
2 0.18239 0.5 0.00714 1
2 0.20117 0.5 0.00194 1
15 0.85156 0.5 0.00316 1
25 0.98986 0.5 0.0058 1
24 0.62904 0.5 0.00072 1
24 0.80322 0.5 0.0062 1
24 0.82524 0.5 0.00284 1
24 0.83946 0.5 0.00152 1
24 0.92076 0.5 0.00128 1
4 0.1982 0.5 0.00384 1
4 0.58567 0.5 0.01874 1
4 0.65999 0.5 0.02062 1
4 0.67427 0.5 0.0023 1
4 0.68318 0.5 0.0154 1
4 0.69797 0.5 0.00826 1
4 0.87037 0.5 0.00418 1
4 0.87243 0.5 0.00102 1
4 0.89518 0.5 0.04264 1
4 0.94402 0.5 0.04752 1
18 0.36222 0.5 0.00068 1
18 0.63173 0.5 0.00078 1
18 0.74045 0.5 0.00062 1
18 0.82221 0.5 0.00126 1
