11 0.07307 0.5 0.0621 1
11 0.11751 0.5 0.00862 1
11 0.13584 0.5 0.00988 1
11 0.1531 0.5 0.0086 1
11 0.17142 0.5 0.00988 1
11 0.21188 0.5 0.018 1
11 0.2253 0.5 0.009 1
11 0.23465 0.5 0.00986 1
11 0.25204 0.5 0.009 1
11 0.2789 0.5 0.04484 1
11 0.30575 0.5 0.00902 1
11 0.31514 0.5 0.00992 1
11 0.3468 0.5 0.01796 1
11 0.36511 0.5 0.01882 1
11 0.39592 0.5 0.02684 1
11 0.44922 0.5 0.07992 1
11 0.50257 0.5 0.00862 1
11 0.52473 0.5 0.01754 1
11 0.54752 0.5 0.00988 1
11 0.58392 0.5 0.00988 1
11 0.61014 0.5 0.0086 1
11 0.63733 0.5 0.02766 1
11 0.66358 0.5 0.0088 1
11 0.6769 0.5 0.018 1
11 0.69478 0.5 0.01792 1
11 0.70817 0.5 0.00898 1
11 0.73474 0.5 0.00896 1
11 0.74365 0.5 0.00898 1
11 0.75257 0.5 0.00898 1
11 0.7614 0.5 0.0088 1
11 0.78812 0.5 0.009 1
11 0.81918 0.5 0.01792 1
11 0.83257 0.5 0.00898 1
11 0.86362 0.5 0.01792 1
11 0.87701 0.5 0.00898 1
11 0.90806 0.5 0.01792 1
11 0.92145 0.5 0.00898 1
11 0.9525 0.5 0.01792 1
11 0.99694 0.5 0.01792 1
