8 0.10932 0.5 0.0016 1
21 0.61477 0.5 0.00162 1
21 0.63552 0.5 0.00932 1
21 0.66399 0.5 0.04758 1
21 0.68878 0.5 0.00196 1
21 0.69133 0.5 0.00222 1
21 0.74563 0.5 0.00698 1
21 0.75006 0.5 0.00184 1
21 0.75256 0.5 0.00324 1
21 0.76384 0.5 0.02036 1
21 0.78309 0.5 0.01818 1
21 0.81428 0.5 0.00408 1
21 0.84815 0.5 0.0083 1
21 0.85721 0.5 0.0035 1
21 0.85953 0.5 0.0011 1
21 0.86117 0.5 0.00214 1
21 0.86514 0.5 0.00196 1
21 0.86987 0.5 0.00162 1
21 0.87071 0.5 0.00098 1
21 0.87247 0.5 0.00162 1
2 0.38646 0.5 0.00168 1
2 0.85652 0.5 0.00236 1
2 0.86587 0.5 0.00086 1
24 0.46535 0.5 0.00102 1
4 0.48522 0.5 0.04032 1
18 0.15053 0.5 0.00102 1
18 0.91079 0.5 0.00082 1
