8 0.02772 0.5 0.01444 1
8 0.03762 0.5 0.00344 1
8 0.07552 0.5 0.0058 1
15 0.30282 0.5 0.0042 1
13 0.3104 0.5 0.00608 1
2 0.32548 0.5 0.00772 1
25 0.43009 0.5 0.00626 1
25 0.66177 0.5 0.00102 1
13 0.82129 0.5 0.00318 1
13 0.83187 0.5 0.00198 1
25 0.87103 0.5 0.00662 1
15 0.88402 0.5 0.00292 1
5 0.89073 0.5 0.00938 1
15 0.89762 0.5 0.00316 1
12 0.97921 0.5 0.0047 1
12 0.98297 0.5 0.00234 1
2 0.98768 0.5 0.00144 1
12 0.99555 0.5 0.01402 1
24 0.27669 0.5 0.00646 1
24 0.97119 0.5 0.0063 1
18 0.29784 0.5 0.001 1
18 0.6809 0.5 0.0008 1
18 0.94557 0.5 0.00102 1
