8 0.82026 0.5 0.0036 1
8 0.86717 0.5 0.09018 1
8 0.91408 0.5 0.0036 1
5 0.30921 0.5 0.0049 1
5 0.31443 0.5 0.00538 1
25 0.36143 0.5 0.00638 1
6 0.57052 0.5 0.00492 1
2 0.64045 0.5 0.00414 1
24 0.36531 0.5 0.00278 1
24 0.56326 0.5 0.00876 1
1 0.21325 0.5 0.0043 1
4 0.37337 0.5 0.01746 1
4 0.58165 0.5 0.01094 1
4 0.59065 0.5 0.00342 1
4 0.94262 0.5 0.00284 1
4 0.94498 0.5 0.00168 1
18 0.11668 0.5 0.00124 1
18 0.21648 0.5 0.00128 1
18 0.22476 0.5 0.00072 1
18 0.23586 0.5 0.00104 1
18 0.9465 0.5 0.00052 1
