21 0.05331 0.5 0.02314 1
21 0.11021 0.5 0.03162 1
21 0.14534 0.5 0.0398 1
21 0.17318 0.5 0.01712 1
21 0.18246 0.5 0.0014 1
21 0.19076 0.5 0.01516 1
21 0.21683 0.5 0.03694 1
21 0.24525 0.5 0.02026 1
21 0.26817 0.5 0.02586 1
21 0.28727 0.5 0.01218 1
21 0.29659 0.5 0.00642 1
21 0.30049 0.5 0.00134 1
21 0.30624 0.5 0.00576 1
21 0.32582 0.5 0.03336 1
21 0.36266 0.5 0.04024 1
21 0.38969 0.5 0.01366 1
21 0.55834 0.5 0.00328 1
21 0.59169 0.5 0.0511 1
21 0.63455 0.5 0.03442 1
21 0.66995 0.5 0.03634 1
21 0.69316 0.5 0.01004 1
21 0.73933 0.5 0.08226 1
21 0.80208 0.5 0.04328 1
21 0.83092 0.5 0.01432 1
21 0.84925 0.5 0.0163 1
21 0.87908 0.5 0.04044 1
21 0.90039 0.5 0.00214 1
21 0.9069 0.5 0.0014 1
21 0.95412 0.5 0.093 1
11 0.39688 0.5 0.00076 1
11 0.45544 0.5 0.11628 1
11 0.53514 0.5 0.04296 1
