21 0.1315 0.5 0.12512 1
21 0.21153 0.5 0.03594 1
21 0.35018 0.5 0.028 1
21 0.38132 0.5 0.03424 1
21 0.4061 0.5 0.01528 1
21 0.43323 0.5 0.03894 1
21 0.45535 0.5 0.00194 1
21 0.46721 0.5 0.0065 1
21 0.47454 0.5 0.00808 1
21 0.48584 0.5 0.00568 1
21 0.50281 0.5 0.01518 1
21 0.51296 0.5 0.00484 1
21 0.51603 0.5 0.00126 1
21 0.52608 0.5 0.00644 1
21 0.53339 0.5 0.0081 1
21 0.54585 0.5 0.00642 1
21 0.55078 0.5 0.00172 1
21 0.55656 0.5 0.0028 1
21 0.5675 0.5 0.0192 1
21 0.61172 0.5 0.06864 1
21 0.66402 0.5 0.03384 1
21 0.70212 0.5 0.02076 1
21 0.71907 0.5 0.00578 1
21 0.74136 0.5 0.0332 1
21 0.78984 0.5 0.06372 1
21 0.83719 0.5 0.03098 1
21 0.87673 0.5 0.0211 1
21 0.89328 0.5 0.0082 1
21 0.91673 0.5 0.03274 1
21 0.94119 0.5 0.01614 1
21 0.95098 0.5 0.00356 1
21 0.96876 0.5 0.03312 1
21 0.98801 0.5 0.00598 1
21 0.99218 0.5 0.00232 1
21 0.99421 0.5 0.0017 1
21 0.998 0.5 0.00304 1
5 0.24361 0.5 0.02818 1
5 0.29669 0.5 0.0765 1
