21 0.02647 0.5 0.00918 1
8 0.13752 0.5 0.00556 1
8 0.15727 0.5 0.01454 1
21 0.20282 0.5 0.02348 1
21 0.23403 0.5 0.00998 1
21 0.26753 0.5 0.05698 1
21 0.31049 0.5 0.02646 1
21 0.3438 0.5 0.04012 1
21 0.37581 0.5 0.02386 1
21 0.39837 0.5 0.02122 1
21 0.41084 0.5 0.00108 1
21 0.43062 0.5 0.03616 1
21 0.49608 0.5 0.09472 1
21 0.54925 0.5 0.01238 1
21 0.57349 0.5 0.03666 1
21 0.59825 0.5 0.01282 1
21 0.6097 0.5 0.01004 1
21 0.6567 0.5 0.08392 1
21 0.70254 0.5 0.00436 1
21 0.71658 0.5 0.0236 1
21 0.76292 0.5 0.00128 1
21 0.78947 0.5 0.03654 1
21 0.8362 0.5 0.04408 1
21 0.86328 0.5 0.01004 1
21 0.87949 0.5 0.02234 1
21 0.90242 0.5 0.02348 1
21 0.92626 0.5 0.02416 1
21 0.95507 0.5 0.03342 1
21 0.99689 0.5 0.05078 1
11 0.05152 0.5 0.0172 1
11 0.06884 0.5 0.01292 1
11 0.08038 0.5 0.00476 1
11 0.10876 0.5 0.01076 1
2 0.21863 0.5 0.00802 1
18 0.17896 0.5 0.00104 1
