8 0.33021 0.5 0.01266 1
8 0.37817 0.5 0.08322 1
8 0.42613 0.5 0.01266 1
21 0.66613 0.5 0.00434 1
21 0.67184 0.5 0.00188 1
21 0.70402 0.5 0.00352 1
8 0.93334 0.5 0.00084 1
2 0.20597 0.5 0.00382 1
2 0.24291 0.5 0.00438 1
2 0.24956 0.5 0.01244 1
25 0.26003 0.5 0.00714 1
2 0.28893 0.5 0.00222 1
2 0.29139 0.5 0.0029 1
2 0.67744 0.5 0.0078 1
2 0.6935 0.5 0.00732 1
10 0.7479 0.5 0.00488 1
17 0.78139 0.5 0.00678 1
2 0.78574 0.5 0.00188 1
2 0.78589 0.5 0.00206 1
3 0.80069 0.5 0.01958 1
2 0.81306 0.5 0.00296 1
16 0.88815 0.5 0.02118 1
2 0.96713 0.5 0.00158 1
24 0.03552 0.5 0.0018 1
24 0.09758 0.5 0.0082 1
24 0.16326 0.5 0.00392 1
24 0.22031 0.5 0.02494 1
24 0.2367 0.5 0.008 1
24 0.52801 0.5 0.00122 1
4 0.03278 0.5 0.00684 1
4 0.0537 0.5 0.00128 1
4 0.072 0.5 0.0026 1
4 0.08726 0.5 0.01228 1
4 0.10811 0.5 0.01258 1
4 0.11826 0.5 0.00764 1
4 0.12746 0.5 0.00356 1
4 0.14605 0.5 0.00202 1
4 0.16593 0.5 0.00774 1
4 0.17402 0.5 0.00584 1
4 0.27016 0.5 0.01332 1
4 0.50603 0.5 0.0447 1
18 0.20264 0.5 0.00072 1
18 0.43774 0.5 0.00076 1
18 0.82527 0.5 0.00098 1
18 0.82738 0.5 0.00116 1
