8 0.35666 0.5 0.01208 1
8 0.36385 0.5 0.00114 1
2 0.05644 0.5 0.00664 1
2 0.05906 0.5 0.0018 1
2 0.23098 0.5 0.00632 1
2 0.24758 0.5 0.00128 1
2 0.2912 0.5 0.00612 1
2 0.29691 0.5 0.00282 1
25 0.34753 0.5 0.00686 1
2 0.60682 0.5 0.01036 1
5 0.61294 0.5 0.00168 1
5 0.61578 0.5 0.00244 1
5 0.62105 0.5 0.00782 1
2 0.62946 0.5 0.00052 1
2 0.64061 0.5 0.02174 1
25 0.7042 0.5 0.00472 1
25 0.71102 0.5 0.0092 1
2 0.95437 0.5 0.00594 1
6 0.99324 0.5 0.00088 1
1 0.14435 0.5 0.0059 1
4 0.04525 0.5 0.00866 1
4 0.24026 0.5 0.01208 1
4 0.36919 0.5 0.00102 1
4 0.779 0.5 0.00948 1
4 0.97218 0.5 0.01792 1
4 0.98921 0.5 0.00226 1
18 0.03466 0.5 0.00164 1
18 0.17535 0.5 0.00098 1
18 0.43775 0.5 0.00082 1
18 0.49385 0.5 0.00106 1
18 0.76551 0.5 0.0007 1
18 0.92943 0.5 0.00082 1
