8 0.2492 0.5 0.00352 1
8 0.25546 0.5 0.00348 1
8 0.29951 0.5 0.08458 1
8 0.34373 0.5 0.00378 1
8 0.34839 0.5 0.00374 1
21 0.58566 0.5 0.02284 1
21 0.60895 0.5 0.02366 1
21 0.63182 0.5 0.02272 1
21 0.66578 0.5 0.03904 1
21 0.70836 0.5 0.03104 1
21 0.73546 0.5 0.0016 1
21 0.74608 0.5 0.01112 1
21 0.75217 0.5 0.00118 1
21 0.75721 0.5 0.00354 1
21 0.78541 0.5 0.03074 1
21 0.8128 0.5 0.024 1
21 0.84245 0.5 0.0349 1
21 0.86535 0.5 0.00674 1
21 0.88088 0.5 0.02104 1
21 0.90238 0.5 0.00392 1
21 0.95578 0.5 0.10212 1
16 0.12693 0.5 0.00922 1
5 0.1348 0.5 0.00544 1
16 0.14028 0.5 0.00564 1
25 0.15253 0.5 0.00374 1
25 0.15524 0.5 0.00184 1
15 0.2248 0.5 0.04524 1
15 0.3602 0.5 0.01984 1
4 0.02641 0.5 0.03818 1
4 0.06664 0.5 0.04252 1
4 0.37365 0.5 0.00158 1
4 0.38651 0.5 0.02126 1
4 0.40714 0.5 0.02064 1
4 0.41864 0.5 0.00204 1
4 0.42164 0.5 0.00312 1
4 0.44748 0.5 0.00356 1
4 0.46361 0.5 0.0029 1
