21 0.09654 0.5 0.02352 1
21 0.1889 0.5 0.00092 1
8 0.2051 0.5 0.0024 1
21 0.21727 0.5 0.00266 1
21 0.2216 0.5 0.0048 1
21 0.24542 0.5 0.00168 1
21 0.71749 0.5 0.00186 1
2 0.0586 0.5 0.00036 1
2 0.06371 0.5 0.00982 1
2 0.0694 0.5 0.00152 1
12 0.16758 0.5 0.00488 1
2 0.27029 0.5 0.00446 1
2 0.3002 0.5 0.02936 1
2 0.34861 0.5 0.0057 1
2 0.3668 0.5 0.01312 1
2 0.37762 0.5 0.00376 1
2 0.40521 0.5 0.0155 1
15 0.73205 0.5 0.00258 1
2 0.78336 0.5 0.07136 1
12 0.82636 0.5 0.0146 1
2 0.94917 0.5 0.23098 1
24 0.25824 0.5 0.00796 1
24 0.48183 0.5 0.03942 1
4 0.25101 0.5 0.00442 1
4 0.26369 0.5 0.00142 1
4 0.26617 0.5 0.00358 1
4 0.28018 0.5 0.01064 1
4 0.31731 0.5 0.00482 1
4 0.32557 0.5 0.0105 1
4 0.33854 0.5 0.0134 1
4 0.56518 0.5 0.00332 1
4 0.59935 0.5 0.0021 1
4 0.60706 0.5 0.013 1
4 0.61592 0.5 0.00472 1
4 0.62127 0.5 0.0027 1
4 0.62693 0.5 0.00942 1
18 0.7012 0.5 0.00096 1
