21 0.12129 0.5 0.0879 1
21 0.16914 0.5 0.0062 1
21 0.17687 0.5 0.0083 1
21 0.19778 0.5 0.03452 1
21 0.21617 0.5 0.00222 1
21 0.22219 0.5 0.00978 1
8 0.2349 0.5 0.01556 1
8 0.28928 0.5 0.09316 1
8 0.34037 0.5 0.00238 1
8 0.35227 0.5 0.01338 1
8 0.36468 0.5 0.01136 1
21 0.37673 0.5 0.0127 1
21 0.39948 0.5 0.03276 1
21 0.42582 0.5 0.01996 1
21 0.43752 0.5 0.00108 1
21 0.44201 0.5 0.00902 1
21 0.46375 0.5 0.00686 1
21 0.4821 0.5 0.01536 1
21 0.49713 0.5 0.0023 1
21 0.50679 0.5 0.01342 1
21 0.52466 0.5 0.02296 1
21 0.54559 0.5 0.01886 1
21 0.56713 0.5 0.02418 1
21 0.58691 0.5 0.01534 1
8 0.8342 0.5 0.00296 1
8 0.84602 0.5 0.02064 1
21 0.86415 0.5 0.01558 1
21 0.87805 0.5 0.01218 1
21 0.89921 0.5 0.02978 1
21 0.97117 0.5 0.1141 1
11 0.0386 0.5 0.01412 1
11 0.05326 0.5 0.00512 1
2 0.74895 0.5 0.00542 1
11 0.7587 0.5 0.00456 1
11 0.78219 0.5 0.00934 1
2 0.82392 0.5 0.01752 1
18 0.68035 0.5 0.00086 1
18 0.72489 0.5 0.00082 1
18 0.8102 0.5 0.00104 1
