21 0.2142 0.5 0.00968 1
8 0.67268 0.5 0.00744 1
8 0.71869 0.5 0.08454 1
8 0.7647 0.5 0.00744 1
21 0.89055 0.5 0.00094 1
25 0.23434 0.5 0.00268 1
25 0.24404 0.5 0.00668 1
11 0.34858 0.5 0.00184 1
15 0.47097 0.5 0.00318 1
15 0.4937 0.5 0.0344 1
15 0.52232 0.5 0.0006 1
15 0.52556 0.5 0.00592 1
16 0.53961 0.5 0.00318 1
15 0.55084 0.5 0.0096 1
15 0.55804 0.5 0.00452 1
16 0.56401 0.5 0.00358 1
2 0.6106 0.5 0.00396 1
3 0.66581 0.5 0.00362 1
24 0.83372 0.5 0.00116 1
24 0.92193 0.5 0.00118 1
4 0.92769 0.5 0.0119 1
18 0.11138 0.5 0.0006 1
18 0.203 0.5 0.00072 1
18 0.56123 0.5 0.00086 1
