8 0.20338 0.5 0.0016 1
8 0.29434 0.5 0.00204 1
8 0.31387 0.5 0.03698 1
8 0.36481 0.5 0.0631 1
8 0.3974 0.5 0.00204 1
0 0.60894 0.5 0.007 1
8 0.6919 0.5 0.00452 1
8 0.89234 0.5 0.0028 1
8 0.94363 0.5 0.09974 1
8 0.99492 0.5 0.0028 1
2 0.1608 0.5 0.00636 1
2 0.16447 0.5 0.00938 1
2 0.17754 0.5 0.00092 1
25 0.28923 0.5 0.00754 1
15 0.62747 0.5 0.00094 1
12 0.64224 0.5 0.00932 1
6 0.65656 0.5 0.00232 1
24 0.14192 0.5 0.00652 1
24 0.20942 0.5 0.00196 1
24 0.70155 0.5 0.00114 1
24 0.75446 0.5 0.00232 1
1 0.78515 0.5 0.00598 1
4 0.22507 0.5 0.01754 1
4 0.26381 0.5 0.04142 1
4 0.54788 0.5 0.04412 1
4 0.57833 0.5 0.00862 1
4 0.58799 0.5 0.00858 1
4 0.70659 0.5 0.01078 1
18 0.84874 0.5 0.00136 1
