21 0.64239 0.5 0.0241 1
21 0.77206 0.5 0.00272 1
21 0.80237 0.5 0.00802 1
21 0.83021 0.5 0.0479 1
21 0.87076 0.5 0.03308 1
21 0.89064 0.5 0.00292 1
11 0.02145 0.5 0.00898 1
11 0.0525 0.5 0.01792 1
11 0.09694 0.5 0.01792 1
11 0.14138 0.5 0.01792 1
11 0.15477 0.5 0.00898 1
11 0.18134 0.5 0.009 1
11 0.19027 0.5 0.00898 1
11 0.22132 0.5 0.01792 1
11 0.23471 0.5 0.00898 1
11 0.27026 0.5 0.009 1
11 0.29686 0.5 0.009 1
11 0.31919 0.5 0.01794 1
11 0.33259 0.5 0.00898 1
11 0.3592 0.5 0.009 1
11 0.39052 0.5 0.018 1
11 0.41736 0.5 0.03584 1
11 0.44903 0.5 0.0099 1
11 0.4664 0.5 0.0088 1
11 0.4797 0.5 0.01796 1
11 0.50188 0.5 0.02656 1
11 0.5373 0.5 0.009 1
11 0.55519 0.5 0.00902 1
11 0.57315 0.5 0.00894 1
11 0.58233 0.5 0.00914 1
11 0.58834 0.5 0.00356 1
4 0.59415 0.5 0.00794 1
4 0.61456 0.5 0.03152 1
4 0.67554 0.5 0.04216 1
4 0.70783 0.5 0.0217 1
4 0.78604 0.5 0.0246 1
4 1.00038 0.5 0.21652 1
