8 0.04469 0.5 0.00222 1
21 0.27282 0.5 0.02308 1
21 0.29849 0.5 0.02822 1
21 0.35424 0.5 0.08316 1
21 0.40611 0.5 0.02106 1
21 0.86468 0.5 0.02836 1
21 0.92666 0.5 0.09556 1
21 0.98781 0.5 0.0277 1
15 0.22105 0.5 0.00674 1
15 0.23169 0.5 0.01202 1
6 0.61022 0.5 0.00524 1
25 0.61971 0.5 0.00246 1
2 0.78083 0.5 0.00146 1
11 0.84756 0.5 0.00572 1
24 0.15019 0.5 0.0021 1
4 0.03371 0.5 0.00898 1
4 0.03922 0.5 0.00192 1
4 0.14505 0.5 0.00814 1
4 0.1574 0.5 0.00448 1
4 0.16972 0.5 0.00164 1
4 0.17673 0.5 0.01058 1
4 0.19203 0.5 0.01978 1
4 0.20972 0.5 0.0086 1
4 0.53454 0.5 0.02144 1
4 0.71684 0.5 0.00268 1
4 0.72163 0.5 0.00242 1
4 0.73255 0.5 0.0041 1
18 0.11503 0.5 0.00186 1
18 0.72912 0.5 0.00136 1
