8 0.09492 0.5 0.0028 1
21 0.20789 0.5 0.00482 1
21 0.21175 0.5 0.00286 1
13 0.51737 0.5 0.0025 1
3 0.80347 0.5 0.02338 1
2 0.8471 0.5 0.00148 1
5 0.87161 0.5 0.02706 1
2 0.97257 0.5 0.14966 1
24 0.23289 0.5 0.0025 1
24 0.23451 0.5 0.00074 1
24 0.60243 0.5 0.0019 1
24 0.63879 0.5 0.00418 1
24 0.66281 0.5 0.02362 1
24 0.67973 0.5 0.00886 1
24 0.84215 0.5 0.0019 1
24 0.84451 0.5 0.00334 1
4 0.51121 0.5 0.00366 1
4 0.60085 0.5 0.00186 1
4 0.60293 0.5 0.00238 1
4 0.73394 0.5 0.03952 1
4 0.75565 0.5 0.0039 1
4 0.78521 0.5 0.0131 1
4 0.82804 0.5 0.02568 1
18 0.52735 0.5 0.00078 1
