8 0.31595 0.5 0.0065 1
21 0.45462 0.5 0.00952 1
21 0.46986 0.5 0.01064 1
21 0.49477 0.5 0.02298 1
21 0.50755 0.5 0.00254 1
21 0.51516 0.5 0.0064 1
21 0.53365 0.5 0.02422 1
21 0.56013 0.5 0.02886 1
21 0.58008 0.5 0.01032 1
21 0.59782 0.5 0.02512 1
21 0.61215 0.5 0.00118 1
21 0.62208 0.5 0.01596 1
8 0.63234 0.5 0.00452 1
8 0.6837 0.5 0.09816 1
8 0.73506 0.5 0.00452 1
21 0.75114 0.5 0.0276 1
21 0.77369 0.5 0.00958 1
21 0.81409 0.5 0.06906 1
21 0.86494 0.5 0.0326 1
21 0.88743 0.5 0.00378 1
21 0.90589 0.5 0.01634 1
21 0.92616 0.5 0.00276 1
21 0.94599 0.5 0.03382 1
21 0.99871 0.5 0.06946 1
2 0.06687 0.5 0.00742 1
2 0.08534 0.5 0.00376 1
2 0.11468 0.5 0.007 1
11 0.27543 0.5 0.00266 1
2 0.44779 0.5 0.0041 1
2 0.48233 0.5 0.00234 1
24 0.17067 0.5 0.0035 1
24 0.33305 0.5 0.0145 1
24 0.35143 0.5 0.00714 1
4 0.1439 0.5 0.00244 1
18 0.04757 0.5 0.00062 1
18 0.17394 0.5 0.00112 1
