0 0.00113 0.5 0.00126 1
0 0.01117 0.5 0.00126 1
0 0.02121 0.5 0.00126 1
0 0.03125 0.5 0.00126 1
0 0.04129 0.5 0.00126 1
0 0.05133 0.5 0.00126 1
0 0.06137 0.5 0.00126 1
0 0.07139 0.5 0.00122 1
0 0.08145 0.5 0.00126 1
0 0.09149 0.5 0.00126 1
0 0.10153 0.5 0.00126 1
0 0.11157 0.5 0.00126 1
0 0.12159 0.5 0.00122 1
0 0.13165 0.5 0.00126 1
0 0.14169 0.5 0.00126 1
0 0.15173 0.5 0.00126 1
0 0.16177 0.5 0.00126 1
0 0.17179 0.5 0.00122 1
0 0.18185 0.5 0.00126 1
0 0.19189 0.5 0.00126 1
0 0.20193 0.5 0.00126 1
0 0.21195 0.5 0.00122 1
0 0.22201 0.5 0.00126 1
0 0.23203 0.5 0.00122 1
0 0.24209 0.5 0.00126 1
0 0.25213 0.5 0.00126 1
0 0.26217 0.5 0.00126 1
0 0.27221 0.5 0.00126 1
0 0.28225 0.5 0.00126 1
0 0.29229 0.5 0.00126 1
0 0.30233 0.5 0.00126 1
0 0.31237 0.5 0.00126 1
0 0.32241 0.5 0.00126 1
0 0.33245 0.5 0.00126 1
0 0.34249 0.5 0.00126 1
0 0.35253 0.5 0.00126 1
0 0.36257 0.5 0.00126 1
0 0.37261 0.5 0.00126 1
0 0.38265 0.5 0.00126 1
0 0.39271 0.5 0.00126 1
0 0.40275 0.5 0.00126 1
0 0.41279 0.5 0.00126 1
0 0.42283 0.5 0.00126 1
0 0.43287 0.5 0.00126 1
0 0.44289 0.5 0.00122 1
0 0.45295 0.5 0.00126 1
0 0.46299 0.5 0.00126 1
0 0.47303 0.5 0.00126 1
0 0.48307 0.5 0.00126 1
0 0.49311 0.5 0.00126 1
0 0.50315 0.5 0.00126 1
0 0.51319 0.5 0.00126 1
0 0.52323 0.5 0.00126 1
0 0.53327 0.5 0.00126 1
0 0.54331 0.5 0.00126 1
0 0.55335 0.5 0.00126 1
0 0.56337 0.5 0.00122 1
0 0.57341 0.5 0.00126 1
0 0.58343 0.5 0.00126 1
0 0.59347 0.5 0.00126 1
0 0.60351 0.5 0.00126 1
0 0.61355 0.5 0.00126 1
0 0.62359 0.5 0.00126 1
0 0.63363 0.5 0.00126 1
0 0.64367 0.5 0.00126 1
0 0.65369 0.5 0.00122 1
0 0.66375 0.5 0.00126 1
0 0.67379 0.5 0.00126 1
0 0.68383 0.5 0.00126 1
0 0.69387 0.5 0.00126 1
0 0.70391 0.5 0.00126 1
0 0.71393 0.5 0.00126 1
0 0.72397 0.5 0.00126 1
0 0.73401 0.5 0.00126 1
0 0.74405 0.5 0.00126 1
0 0.75409 0.5 0.00126 1
0 0.76411 0.5 0.00126 1
0 0.77415 0.5 0.00126 1
0 0.78419 0.5 0.00126 1
0 0.79423 0.5 0.00126 1
0 0.80427 0.5 0.00126 1
0 0.81431 0.5 0.00126 1
0 0.82435 0.5 0.00126 1
0 0.83439 0.5 0.00126 1
0 0.84443 0.5 0.00126 1
0 0.85447 0.5 0.00126 1
0 0.86451 0.5 0.00126 1
0 0.87455 0.5 0.00126 1
0 0.88459 0.5 0.00126 1
0 0.89463 0.5 0.00126 1
0 0.90465 0.5 0.00122 1
0 0.92227 0.5 0.00126 1
0 0.93231 0.5 0.00126 1
0 0.94215 0.5 0.00126 1
0 0.95219 0.5 0.00126 1
0 0.96203 0.5 0.00126 1
0 0.97189 0.5 0.00126 1
0 0.98193 0.5 0.00126 1
0 0.99197 0.5 0.00126 1
