21 0.17123 0.5 0.03038 1
21 0.40254 0.5 0.00536 1
21 0.76216 0.5 0.01716 1
25 0.08986 0.5 0.0058 1
2 0.20226 0.5 0.00124 1
2 0.20919 0.5 0.01238 1
2 0.21933 0.5 0.00574 1
3 0.28457 0.5 0.0239 1
2 0.74248 0.5 0.0048 1
2 0.81651 0.5 0.01846 1
2 0.83442 0.5 0.0174 1
24 0.02076 0.5 0.00128 1
24 0.10135 0.5 0.00142 1
24 0.42406 0.5 0.00112 1
24 0.45179 0.5 0.03106 1
24 0.47272 0.5 0.00184 1
24 0.48646 0.5 0.01528 1
24 0.50678 0.5 0.01196 1
24 0.53453 0.5 0.02478 1
24 0.57642 0.5 0.02836 1
24 0.6049 0.5 0.0276 1
24 0.63548 0.5 0.02808 1
4 0.04402 0.5 0.04752 1
4 0.39769 0.5 0.00114 1
4 0.40979 0.5 0.00178 1
4 0.5216 0.5 0.0012 1
4 0.65889 0.5 0.01646 1
4 0.77178 0.5 0.00188 1
18 0.69907 0.5 0.00082 1
