21 0.02341 0.5 0.01102 1
21 0.03645 0.5 0.01514 1
21 0.0556 0.5 0.02312 1
21 0.07148 0.5 0.00756 1
21 0.08043 0.5 0.00938 1
21 0.08822 0.5 0.003 1
21 0.09052 0.5 0.0018 1
21 0.09453 0.5 0.00646 1
21 0.09843 0.5 0.0021 1
21 0.11158 0.5 0.02404 1
21 0.13525 0.5 0.02302 1
0 0.33594 0.5 0.0072 1
8 0.35517 0.5 0.01426 1
8 0.3659 0.5 0.00216 1
8 0.38418 0.5 0.0238 1
21 0.40101 0.5 0.00978 1
21 0.45915 0.5 0.10646 1
21 0.60629 0.5 0.18778 1
21 0.71668 0.5 0.03296 1
21 0.76097 0.5 0.05558 1
21 0.81198 0.5 0.04328 1
8 0.84376 0.5 0.02072 1
21 0.8708 0.5 0.03232 1
8 0.89493 0.5 0.0159 1
8 0.93971 0.5 0.01394 1
8 0.95034 0.5 0.00228 1
8 0.98277 0.5 0.05082 1
13 0.15055 0.5 0.00714 1
2 0.16887 0.5 0.02098 1
2 0.25513 0.5 0.0041 1
2 0.26531 0.5 0.01622 1
2 0.27788 0.5 0.00888 1
4 0.25121 0.5 0.00378 1
4 0.25275 0.5 0.00062 1
4 0.29083 0.5 0.01646 1
4 0.91413 0.5 0.0117 1
18 0.30436 0.5 0.00072 1
