8 0.06091 0.5 0.00462 1
8 0.06867 0.5 0.00126 1
21 0.46216 0.5 0.01052 1
21 0.47256 0.5 0.001 1
8 0.61637 0.5 0.00546 1
8 0.69628 0.5 0.00076 1
2 0.03471 0.5 0.0045 1
2 0.03797 0.5 0.0023 1
2 0.04053 0.5 0.00238 1
10 0.06562 0.5 0.00472 1
5 0.23762 0.5 0.0032 1
6 0.24353 0.5 0.00418 1
2 0.44585 0.5 0.00698 1
3 0.52752 0.5 0.00492 1
2 0.54872 0.5 0.01112 1
2 0.55661 0.5 0.00302 1
2 0.56361 0.5 0.01094 1
2 0.57014 0.5 0.00176 1
13 0.59976 0.5 0.01352 1
2 0.71374 0.5 0.00268 1
2 0.72152 0.5 0.0022 1
2 0.72637 0.5 0.00746 1
2 0.79699 0.5 0.0037 1
3 0.87438 0.5 0.00168 1
25 0.91336 0.5 0.0012 1
2 0.91364 0.5 0.00112 1
6 0.93848 0.5 0.00432 1
11 0.94629 0.5 0.00282 1
2 0.95317 0.5 0.00206 1
24 0.05191 0.5 0.00402 1
24 0.15317 0.5 0.00338 1
24 0.16149 0.5 0.01346 1
24 0.18941 0.5 0.00762 1
24 0.26273 0.5 0.00242 1
24 0.67484 0.5 0.0012 1
24 0.73565 0.5 0.00546 1
24 0.87706 0.5 0.0034 1
24 0.90686 0.5 0.00108 1
1 0.97753 0.5 0.00074 1
4 0.40652 0.5 0.01792 1
4 0.58181 0.5 0.02202 1
4 0.62278 0.5 0.00204 1
4 0.66712 0.5 0.00376 1
4 0.89862 0.5 0.01732 1
18 0.01022 0.5 0.001 1
18 0.0239 0.5 0.00092 1
18 0.13599 0.5 0.0007 1
18 0.2309 0.5 0.00124 1
18 0.38648 0.5 0.00068 1
18 0.63136 0.5 0.00072 1
18 0.8103 0.5 0.00028 1
18 0.869 0.5 0.00076 1
18 0.93385 0.5 0.00074 1
