0 0.00271 0.5 0.00126 1
0 0.01275 0.5 0.00126 1
0 0.02279 0.5 0.00126 1
0 0.03283 0.5 0.00126 1
0 0.04287 0.5 0.00126 1
0 0.05291 0.5 0.00126 1
0 0.06295 0.5 0.00126 1
0 0.07299 0.5 0.00126 1
0 0.08303 0.5 0.00126 1
0 0.09307 0.5 0.00126 1
0 0.10311 0.5 0.00126 1
0 0.11315 0.5 0.00126 1
0 0.12319 0.5 0.00126 1
0 0.13321 0.5 0.00126 1
0 0.14321 0.5 0.00126 1
0 0.15321 0.5 0.00126 1
0 0.16321 0.5 0.00126 1
0 0.17325 0.5 0.00126 1
0 0.18329 0.5 0.00126 1
0 0.19333 0.5 0.00126 1
0 0.20337 0.5 0.00126 1
0 0.21341 0.5 0.00126 1
0 0.22345 0.5 0.00126 1
0 0.23349 0.5 0.00126 1
0 0.24353 0.5 0.00126 1
0 0.25357 0.5 0.00126 1
0 0.26361 0.5 0.00126 1
0 0.27365 0.5 0.00126 1
0 0.28369 0.5 0.00126 1
0 0.29373 0.5 0.00126 1
0 0.30377 0.5 0.00126 1
0 0.31381 0.5 0.00126 1
0 0.32383 0.5 0.00126 1
0 0.33383 0.5 0.00126 1
0 0.34383 0.5 0.00126 1
0 0.35387 0.5 0.00126 1
0 0.36391 0.5 0.00126 1
0 0.37395 0.5 0.00126 1
0 0.38399 0.5 0.00126 1
0 0.39403 0.5 0.00126 1
0 0.40407 0.5 0.00126 1
0 0.41409 0.5 0.00126 1
0 0.42409 0.5 0.00126 1
0 0.43413 0.5 0.00126 1
0 0.44417 0.5 0.00126 1
0 0.45421 0.5 0.00126 1
0 0.46421 0.5 0.00126 1
0 0.47425 0.5 0.00126 1
0 0.48429 0.5 0.00126 1
0 0.49433 0.5 0.00126 1
0 0.50433 0.5 0.00126 1
0 0.51435 0.5 0.00126 1
0 0.52439 0.5 0.00126 1
0 0.53439 0.5 0.00126 1
0 0.54443 0.5 0.00126 1
0 0.55447 0.5 0.00126 1
0 0.56447 0.5 0.00126 1
0 0.57449 0.5 0.00126 1
0 0.58453 0.5 0.00126 1
0 0.59453 0.5 0.00126 1
0 0.60455 0.5 0.00126 1
0 0.61455 0.5 0.00126 1
0 0.62455 0.5 0.00126 1
0 0.63457 0.5 0.00126 1
0 0.64461 0.5 0.00126 1
0 0.65461 0.5 0.00126 1
0 0.66465 0.5 0.00126 1
0 0.67469 0.5 0.00126 1
0 0.68473 0.5 0.00126 1
0 0.69477 0.5 0.00126 1
0 0.70481 0.5 0.00126 1
0 0.71485 0.5 0.00126 1
0 0.72489 0.5 0.00126 1
0 0.73493 0.5 0.00126 1
0 0.74497 0.5 0.00126 1
0 0.75501 0.5 0.00126 1
0 0.76503 0.5 0.00126 1
0 0.77507 0.5 0.00126 1
0 0.78511 0.5 0.00126 1
0 0.79513 0.5 0.00126 1
0 0.80517 0.5 0.00126 1
0 0.81521 0.5 0.00126 1
0 0.82525 0.5 0.00126 1
0 0.83527 0.5 0.00126 1
0 0.84531 0.5 0.00126 1
0 0.85535 0.5 0.00126 1
0 0.86537 0.5 0.00126 1
0 0.87539 0.5 0.00126 1
0 0.88543 0.5 0.00126 1
0 0.89545 0.5 0.00126 1
0 0.90547 0.5 0.00126 1
0 0.91551 0.5 0.00126 1
0 0.92555 0.5 0.00126 1
0 0.93559 0.5 0.00126 1
0 0.94561 0.5 0.00126 1
0 0.95563 0.5 0.00126 1
0 0.96565 0.5 0.00126 1
0 0.97567 0.5 0.00126 1
0 0.98571 0.5 0.00126 1
0 0.99575 0.5 0.00126 1
