8 0.39592 0.5 0.00368 1
8 0.40945 0.5 0.01842 1
8 0.44011 0.5 0.03566 1
8 0.45979 0.5 0.00366 1
2 0.0347 0.5 0.00064 1
2 0.1213 0.5 0.015 1
2 0.13928 0.5 0.00248 1
2 0.17022 0.5 0.00288 1
2 0.17273 0.5 0.00174 1
5 0.37169 0.5 0.00142 1
2 0.50924 0.5 0.076 1
2 0.55858 0.5 0.01608 1
2 0.59819 0.5 0.06382 1
2 0.92544 0.5 0.00616 1
15 0.93598 0.5 0.00836 1
24 0.15099 0.5 0.0017 1
23 0.3806 0.5 0.00232 1
24 0.92043 0.5 0.00158 1
24 0.92163 0.5 0.00118 1
4 0.15586 0.5 0.01104 1
4 0.35873 0.5 0.0021 1
4 0.86734 0.5 0.012 1
4 0.89887 0.5 0.0443 1
4 0.92107 0.5 0.0015 1
18 0.10635 0.5 0.00146 1
18 0.13349 0.5 0.00126 1
18 0.94507 0.5 0.00134 1
