21 0.12953 0.5 0.0113 1
21 0.18314 0.5 0.04724 1
21 0.21757 0.5 0.02158 1
21 0.23989 0.5 0.02298 1
21 0.26051 0.5 0.01822 1
21 0.27171 0.5 0.0033 1
21 0.27959 0.5 0.01222 1
21 0.33587 0.5 0.10082 1
21 0.38985 0.5 0.0071 1
21 0.44397 0.5 0.1015 1
21 0.51306 0.5 0.03564 1
21 0.53606 0.5 0.01032 1
21 0.55411 0.5 0.02574 1
21 0.56887 0.5 0.00086 1
21 0.58214 0.5 0.02188 1
21 0.60431 0.5 0.02242 1
21 0.62015 0.5 0.00874 1
21 0.63633 0.5 0.02214 1
21 0.65323 0.5 0.01162 1
21 0.7241 0.5 0.1304 1
21 0.78981 0.5 0.00102 1
21 0.80472 0.5 0.0286 1
21 0.83287 0.5 0.02746 1
21 0.85475 0.5 0.01514 1
21 0.89029 0.5 0.05598 1
21 0.92341 0.5 0.01102 1
21 0.93645 0.5 0.01514 1
21 0.9556 0.5 0.02312 1
21 0.97148 0.5 0.00756 1
21 0.98043 0.5 0.00938 1
21 0.98822 0.5 0.003 1
21 0.99052 0.5 0.0018 1
21 0.99453 0.5 0.00646 1
21 0.99843 0.5 0.0021 1
21 1.01158 0.5 0.02404 1
13 0.15821 0.5 0.00222 1
24 0.15095 0.5 0.00306 1
24 0.1547 0.5 0.00448 1
