21 0.05636 0.5 0.03588 1
21 0.07814 0.5 0.00764 1
21 0.12983 0.5 0.09306 1
21 0.19319 0.5 0.03402 1
0 0.21549 0.5 0.00138 1
0 0.21857 0.5 0.00266 1
8 0.23742 0.5 0.00516 1
8 0.44326 0.5 0.00024 1
8 0.50318 0.5 0.00208 1
0 0.57807 0.5 0.0069 1
8 0.66258 0.5 0.06296 1
21 0.69521 0.5 0.0045 1
21 0.70064 0.5 0.00584 1
21 0.70452 0.5 0.002 1
21 0.71128 0.5 0.011 1
21 0.80123 0.5 0.16826 1
21 0.89462 0.5 0.01852 1
21 0.90658 0.5 0.00536 1
8 0.92105 0.5 0.02366 1
8 0.93426 0.5 0.00272 1
21 0.94741 0.5 0.02354 1
8 0.96085 0.5 0.0033 1
21 0.99071 0.5 0.0225 1
25 0.0235 0.5 0.00408 1
25 0.24437 0.5 0.00342 1
15 0.24781 0.5 0.00342 1
25 0.25787 0.5 0.00394 1
11 0.25948 0.5 0.00092 1
25 0.26651 0.5 0.00558 1
2 0.28872 0.5 0.02008 1
2 0.37354 0.5 0.00264 1
3 0.4444 0.5 0.002 1
2 0.58668 0.5 0.00388 1
2 0.59008 0.5 0.00196 1
2 0.6033 0.5 0.02112 1
2 0.61691 0.5 0.00554 1
4 0.02085 0.5 0.00166 1
4 0.3751 0.5 0.00044 1
4 0.38 0.5 0.00436 1
18 0.25 0.5 0.00076 1
