21 0.06057 0.5 0.00066 1
21 0.07232 0.5 0.02124 1
21 0.12798 0.5 0.02348 1
21 0.15427 0.5 0.00838 1
21 0.16009 0.5 0.00322 1
21 0.17868 0.5 0.00956 1
21 0.21346 0.5 0.02636 1
21 0.26365 0.5 0.07398 1
21 0.34119 0.5 0.05806 1
21 0.39048 0.5 0.04048 1
21 0.4112 0.5 0.0018 1
21 0.43668 0.5 0.04912 1
21 0.46849 0.5 0.01446 1
8 0.48298 0.5 0.00672 1
8 0.54392 0.5 0.11512 1
8 0.60486 0.5 0.00672 1
21 0.64334 0.5 0.00736 1
8 0.64724 0.5 0.00244 1
21 0.64758 0.5 0.00212 1
21 0.67354 0.5 0.04976 1
21 0.71635 0.5 0.03578 1
21 0.75892 0.5 0.04932 1
21 0.78403 0.5 0.0007 1
21 0.79811 0.5 0.0263 1
21 0.8485 0.5 0.07444 1
21 0.93038 0.5 0.07252 1
21 0.97899 0.5 0.02466 1
21 1.00926 0.5 0.03584 1
11 0.47767 0.5 0.00386 1
11 0.62362 0.5 0.0304 1
4 0.02491 0.5 0.02702 1
4 0.03921 0.5 0.0017 1
4 0.11487 0.5 0.00106 1
