21 0.19816 0.5 0.03096 1
21 0.23038 0.5 0.03344 1
21 0.25391 0.5 0.00458 1
21 0.2707 0.5 0.0218 1
21 0.29243 0.5 0.00326 1
21 0.30506 0.5 0.01996 1
21 0.31858 0.5 0.0074 1
21 0.34288 0.5 0.00892 1
21 0.35225 0.5 0.01022 1
21 0.35919 0.5 0.00118 1
21 0.35967 0.5 0.00106 1
21 0.37417 0.5 0.02558 1
21 0.39302 0.5 0.01208 1
21 0.44359 0.5 0.08918 1
21 0.50431 0.5 0.03274 1
21 0.53909 0.5 0.03678 1
21 0.57512 0.5 0.03524 1
21 0.60503 0.5 0.02454 1
21 0.93949 0.5 0.0239 1
21 0.96143 0.5 0.01994 1
21 1.00461 0.5 0.0603 1
5 0.02631 0.5 0.00106 1
5 0.03034 0.5 0.00448 1
5 0.04838 0.5 0.0318 1
2 0.09072 0.5 0.0104 1
2 0.11265 0.5 0.00214 1
2 0.12884 0.5 0.00396 1
2 0.13918 0.5 0.001 1
2 0.14416 0.5 0.00384 1
2 0.14692 0.5 0.00152 1
2 0.14869 0.5 0.00254 1
2 0.15245 0.5 0.00478 1
2 0.18075 0.5 0.00382 1
11 0.3234 0.5 0.0022 1
2 0.63157 0.5 0.02842 1
12 0.6546 0.5 0.0148 1
2 0.6641 0.5 0.00416 1
2 0.67672 0.5 0.00268 1
2 0.68009 0.5 0.00402 1
12 0.70334 0.5 0.00464 1
12 0.71102 0.5 0.00936 1
24 0.76247 0.5 0.00138 1
4 0.73007 0.5 0.00282 1
4 0.77134 0.5 0.0186 1
4 0.783 0.5 0.00136 1
4 0.79871 0.5 0.00142 1
4 0.86283 0.5 0.11634 1
4 0.92599 0.5 0.00266 1
18 0.12329 0.5 0.00078 1
18 0.32745 0.5 0.0007 1
18 0.71993 0.5 0.0009 1
18 0.75461 0.5 0.00082 1
