21 0.69752 0.5 0.00168 1
21 0.71081 0.5 0.00438 1
2 0.06541 0.5 0.00482 1
2 0.15733 0.5 0.00126 1
25 0.16035 0.5 0.00462 1
2 0.18001 0.5 0.0057 1
2 0.1868 0.5 0.00548 1
2 0.68567 0.5 0.0015 1
6 0.81318 0.5 0.00232 1
25 0.86356 0.5 0.00164 1
2 0.95644 0.5 0.00664 1
2 0.95906 0.5 0.0018 1
24 0.54225 0.5 0.11254 1
24 0.70452 0.5 0.00808 1
4 0.15242 0.5 0.00292 1
4 0.37334 0.5 0.01384 1
4 0.60262 0.5 0.0008 1
4 0.94525 0.5 0.00866 1
18 0.38297 0.5 0.00074 1
18 0.71785 0.5 0.00082 1
18 0.81567 0.5 0.00074 1
18 0.82171 0.5 0.00146 1
18 0.87065 0.5 0.00122 1
18 0.93466 0.5 0.00164 1
