0 0.00598 0.5 0.00352 1
8 0.28484 0.5 0.00844 1
8 0.2988 0.5 0.01928 1
21 0.30966 0.5 0.00236 1
21 0.36373 0.5 0.02358 1
21 0.76078 0.5 0.00232 1
21 0.85082 0.5 0.00644 1
21 0.85586 0.5 0.00272 1
21 0.86185 0.5 0.0013 1
21 0.87099 0.5 0.00786 1
21 0.88326 0.5 0.003 1
21 0.88854 0.5 0.00336 1
21 0.89204 0.5 0.00324 1
21 0.89883 0.5 0.00246 1
21 0.90376 0.5 0.00732 1
21 0.91431 0.5 0.00126 1
21 0.95586 0.5 0.01032 1
2 0.47018 0.5 0.00608 1
2 0.48607 0.5 0.0065 1
11 0.58397 0.5 0.16578 1
2 0.67239 0.5 0.01102 1
2 0.68859 0.5 0.02102 1
2 0.7097 0.5 0.02204 1
11 0.79003 0.5 0.01246 1
11 0.91814 0.5 0.00616 1
2 0.95027 0.5 0.00094 1
2 0.96701 0.5 0.01194 1
2 0.97964 0.5 0.00596 1
24 0.08876 0.5 0.00272 1
24 0.26155 0.5 0.00186 1
24 0.83582 0.5 0.02172 1
4 0.07073 0.5 0.0013 1
18 0.23215 0.5 0.00114 1
18 0.49341 0.5 0.00094 1
