0 0.00827 0.5 0.00126 1
0 0.01831 0.5 0.00126 1
0 0.02835 0.5 0.00126 1
0 0.03839 0.5 0.00126 1
0 0.04843 0.5 0.00126 1
0 0.05847 0.5 0.00126 1
0 0.06851 0.5 0.00126 1
0 0.07855 0.5 0.00126 1
0 0.08859 0.5 0.00126 1
0 0.09863 0.5 0.00126 1
0 0.10867 0.5 0.00126 1
0 0.11871 0.5 0.00126 1
0 0.12875 0.5 0.00126 1
0 0.13879 0.5 0.00126 1
0 0.14883 0.5 0.00126 1
0 0.15887 0.5 0.00126 1
0 0.16891 0.5 0.00126 1
0 0.17895 0.5 0.00126 1
0 0.18899 0.5 0.00126 1
0 0.19902 0.5 0.00124 1
0 0.20905 0.5 0.00126 1
0 0.21909 0.5 0.00126 1
0 0.22913 0.5 0.00126 1
0 0.23917 0.5 0.00126 1
0 0.24921 0.5 0.00126 1
0 0.25925 0.5 0.00126 1
0 0.26929 0.5 0.00126 1
0 0.27933 0.5 0.00126 1
0 0.28937 0.5 0.00126 1
0 0.29941 0.5 0.00126 1
0 0.30945 0.5 0.00126 1
0 0.31949 0.5 0.00126 1
0 0.32953 0.5 0.00126 1
0 0.33957 0.5 0.00126 1
0 0.34961 0.5 0.00126 1
0 0.35965 0.5 0.00126 1
0 0.36969 0.5 0.00126 1
0 0.37973 0.5 0.00126 1
0 0.38977 0.5 0.00126 1
0 0.39981 0.5 0.00126 1
0 0.40985 0.5 0.00126 1
0 0.41989 0.5 0.00126 1
0 0.42993 0.5 0.00126 1
0 0.43997 0.5 0.00126 1
0 0.45001 0.5 0.00126 1
0 0.46005 0.5 0.00126 1
0 0.47009 0.5 0.00126 1
0 0.48013 0.5 0.00126 1
0 0.49017 0.5 0.00126 1
0 0.50021 0.5 0.00126 1
0 0.51025 0.5 0.00126 1
0 0.52029 0.5 0.00126 1
0 0.53033 0.5 0.00126 1
0 0.54037 0.5 0.00126 1
0 0.55041 0.5 0.00126 1
0 0.56045 0.5 0.00126 1
0 0.57049 0.5 0.00126 1
0 0.58053 0.5 0.00126 1
0 0.59057 0.5 0.00126 1
0 0.60061 0.5 0.00126 1
0 0.61065 0.5 0.00126 1
0 0.62069 0.5 0.00126 1
0 0.63073 0.5 0.00126 1
0 0.64077 0.5 0.00126 1
0 0.65069 0.5 0.00126 1
0 0.66073 0.5 0.00126 1
0 0.67075 0.5 0.00126 1
0 0.68079 0.5 0.00126 1
0 0.69071 0.5 0.00126 1
0 0.70075 0.5 0.00126 1
0 0.71067 0.5 0.00126 1
0 0.72071 0.5 0.00126 1
0 0.73075 0.5 0.00126 1
0 0.74079 0.5 0.00126 1
0 0.75057 0.5 0.00126 1
0 0.76049 0.5 0.00126 1
0 0.77053 0.5 0.00126 1
0 0.78045 0.5 0.00126 1
0 0.79049 0.5 0.00126 1
0 0.80053 0.5 0.00126 1
0 0.81055 0.5 0.00126 1
0 0.82047 0.5 0.00126 1
0 0.83051 0.5 0.00126 1
0 0.84053 0.5 0.00126 1
0 0.85045 0.5 0.00126 1
0 0.86049 0.5 0.00126 1
0 0.87053 0.5 0.00126 1
0 0.88057 0.5 0.00126 1
0 0.89061 0.5 0.00126 1
0 0.90065 0.5 0.00126 1
0 0.91069 0.5 0.00126 1
0 0.92073 0.5 0.00126 1
0 0.93077 0.5 0.00126 1
0 0.94081 0.5 0.00126 1
0 0.95085 0.5 0.00126 1
0 0.96077 0.5 0.00126 1
0 0.97081 0.5 0.00126 1
0 0.98094 0.5 0.00144 1
0 0.99089 0.5 0.00126 1
