8 0.55056 0.5 0.00368 1
8 0.57133 0.5 0.03774 1
8 0.6192 0.5 0.05468 1
8 0.64851 0.5 0.0039 1
21 0.65592 0.5 0.00572 1
25 0.01794 0.5 0.0024 1
25 0.25847 0.5 0.00166 1
2 0.31792 0.5 0.00812 1
2 0.3197 0.5 0.00592 1
25 0.3289 0.5 0.00872 1
25 0.33608 0.5 0.00372 1
25 0.34304 0.5 0.01032 1
2 0.34873 0.5 0.00094 1
2 0.35167 0.5 0.00502 1
15 0.35645 0.5 0.0045 1
3 0.47091 0.5 0.00358 1
3 0.47651 0.5 0.0041 1
15 0.80444 0.5 0.00452 1
11 0.92305 0.5 0.00306 1
2 0.97219 0.5 0.0159 1
2 0.98336 0.5 0.00176 1
24 0.00523 0.5 0.00794 1
24 0.10393 0.5 0.01142 1
24 0.15952 0.5 0.0564 1
24 0.48891 0.5 0.0011 1
24 0.49322 0.5 0.00196 1
24 0.51738 0.5 0.00112 1
4 0.08427 0.5 0.00198 1
4 0.24163 0.5 0.00646 1
4 0.2544 0.5 0.00228 1
4 0.29284 0.5 0.00916 1
4 0.31011 0.5 0.00754 1
4 0.41614 0.5 0.04204 1
4 0.45375 0.5 0.02586 1
4 0.48254 0.5 0.01184 1
4 0.48902 0.5 0.00104 1
4 0.5089 0.5 0.01764 1
4 0.52251 0.5 0.0089 1
4 0.53077 0.5 0.00758 1
18 0.28211 0.5 0.00066 1
18 0.30025 0.5 0.00058 1
18 0.79257 0.5 0.00058 1
18 0.86955 0.5 0.00094 1
