21 0.03949 0.5 0.0239 1
21 0.06143 0.5 0.01994 1
21 0.10461 0.5 0.0603 1
21 0.1365 0.5 0.00344 1
21 0.155 0.5 0.02416 1
21 0.22792 0.5 0.0036 1
21 0.26782 0.5 0.07616 1
8 0.38017 0.5 0.03442 1
8 0.40692 0.5 0.01736 1
21 0.44804 0.5 0.0622 1
21 0.52202 0.5 0.08492 1
21 0.62298 0.5 0.11712 1
21 0.69921 0.5 0.03578 1
21 0.71994 0.5 0.00564 1
21 0.74623 0.5 0.04678 1
21 0.95387 0.5 0.03982 1
21 0.9775 0.5 0.00408 1
21 0.98733 0.5 0.01082 1
21 1.00963 0.5 0.03418 1
11 0.85179 0.5 0.1643 1
4 0.02599 0.5 0.00266 1
4 0.14137 0.5 0.00266 1
18 0.17504 0.5 0.00104 1
