2 0.10506 0.5 0.02388 1
6 0.25226 0.5 0.00168 1
2 0.33897 0.5 0.09106 1
2 0.491 0.5 0.21324 1
2 0.64025 0.5 0.00754 1
2 0.64215 0.5 0.0079 1
2 0.64553 0.5 0.00206 1
2 0.73836 0.5 0.03836 1
13 0.92569 0.5 0.00166 1
24 0.08285 0.5 0.00438 1
24 0.60322 0.5 0.00092 1
4 0.14307 0.5 0.00266 1
4 0.22787 0.5 0.0255 1
4 0.24404 0.5 0.00712 1
4 0.24956 0.5 0.00368 1
4 0.25774 0.5 0.00456 1
4 0.27067 0.5 0.00094 1
4 0.70428 0.5 0.02888 1
4 0.75834 0.5 0.00152 1
4 0.76757 0.5 0.00558 1
18 0.01419 0.5 0.00106 1
18 0.13659 0.5 0.00098 1
18 0.1482 0.5 0.0024 1
18 0.28285 0.5 0.00106 1
18 0.93423 0.5 0.0007 1
