21 0.07117 0.5 0.1141 1
21 0.13603 0.5 0.01558 1
8 0.16813 0.5 0.04858 1
21 0.20995 0.5 0.03498 1
21 0.23525 0.5 0.01558 1
21 0.24421 0.5 0.0023 1
21 0.26039 0.5 0.0297 1
21 0.28309 0.5 0.01566 1
21 0.29209 0.5 0.0023 1
21 0.30094 0.5 0.01504 1
21 0.31052 0.5 0.00428 1
21 0.31812 0.5 0.01088 1
21 0.33764 0.5 0.02224 1
21 0.36016 0.5 0.02344 1
21 0.37956 0.5 0.01524 1
21 0.43778 0.5 0.01 1
21 0.49706 0.5 0.10852 1
21 0.56644 0.5 0.02912 1
21 0.5956 0.5 0.01816 1
21 0.62411 0.5 0.03578 1
21 0.64703 0.5 0.01002 1
12 0.722 0.5 0.00144 1
2 0.87839 0.5 0.00222 1
11 0.8818 0.5 0.00456 1
11 0.88973 0.5 0.00358 1
11 0.91664 0.5 0.0042 1
11 0.93558 0.5 0.0084 1
2 0.98961 0.5 0.01774 1
11 1.04141 0.5 0.08582 1
18 0.68909 0.5 0.00098 1
18 0.76288 0.5 0.00108 1
18 0.77241 0.5 0.00062 1
18 0.8866 0.5 0.00156 1
18 0.91019 0.5 0.00066 1
18 0.91367 0.5 0.00106 1
18 0.97641 0.5 0.00066 1
