11 0.00599 0.5 0.01162 1
11 0.01895 0.5 0.01162 1
11 0.03191 0.5 0.01162 1
11 0.04487 0.5 0.01162 1
11 0.07079 0.5 0.01162 1
11 0.08374 0.5 0.0116 1
11 0.09668 0.5 0.0116 1
11 0.10962 0.5 0.0116 1
11 0.12265 0.5 0.01142 1
11 0.14192 0.5 0.0116 1
11 0.15486 0.5 0.0116 1
11 0.17423 0.5 0.01162 1
11 0.18719 0.5 0.01162 1
11 0.20015 0.5 0.01162 1
11 0.21311 0.5 0.01162 1
11 0.22616 0.5 0.01144 1
11 0.23903 0.5 0.01162 1
11 0.25199 0.5 0.01162 1
11 0.26495 0.5 0.01162 1
11 0.27791 0.5 0.01162 1
11 0.29083 0.5 0.01154 1
11 0.30381 0.5 0.01162 1
11 0.31677 0.5 0.01162 1
11 0.32973 0.5 0.01162 1
11 0.34264 0.5 0.01172 1
11 0.35565 0.5 0.01162 1
11 0.36856 0.5 0.01172 1
11 0.39453 0.5 0.01162 1
11 0.40749 0.5 0.01162 1
11 0.42045 0.5 0.01162 1
11 0.43341 0.5 0.01162 1
11 0.44637 0.5 0.01162 1
11 0.48525 0.5 0.01162 1
11 0.49821 0.5 0.01162 1
11 0.51117 0.5 0.01162 1
11 0.52413 0.5 0.01162 1
11 0.56301 0.5 0.01162 1
11 0.57597 0.5 0.01162 1
11 0.58893 0.5 0.01162 1
11 0.60189 0.5 0.01162 1
11 0.6161 0.5 0.00912 1
11 0.64077 0.5 0.01162 1
11 0.68732 0.5 0.07128 1
2 0.73002 0.5 0.00804 1
2 0.74912 0.5 0.01828 1
2 0.77027 0.5 0.02454 1
25 0.82248 0.5 0.0144 1
2 0.83516 0.5 0.00152 1
2 0.83806 0.5 0.00352 1
25 0.85269 0.5 0.0043 1
25 0.91571 0.5 0.00614 1
25 0.92952 0.5 0.0056 1
2 0.9569 0.5 0.01568 1
2 0.96994 0.5 0.01036 1
4 0.80344 0.5 0.01856 1
4 0.9472 0.5 0.0032 1
18 0.83235 0.5 0.00066 1
