0 0.00681 0.5 0.00126 1
0 0.01685 0.5 0.00126 1
0 0.02687 0.5 0.00126 1
0 0.03691 0.5 0.00126 1
0 0.04695 0.5 0.00126 1
0 0.05729 0.5 0.00126 1
0 0.06733 0.5 0.00126 1
0 0.07767 0.5 0.00126 1
0 0.08771 0.5 0.00126 1
0 0.09773 0.5 0.00126 1
0 0.10775 0.5 0.00126 1
0 0.11777 0.5 0.00126 1
0 0.12781 0.5 0.00126 1
0 0.13783 0.5 0.00126 1
0 0.14787 0.5 0.00126 1
0 0.15791 0.5 0.00126 1
0 0.16793 0.5 0.00126 1
0 0.17795 0.5 0.00126 1
0 0.18797 0.5 0.00126 1
0 0.19801 0.5 0.00126 1
0 0.20805 0.5 0.00126 1
0 0.21807 0.5 0.00126 1
0 0.22809 0.5 0.00126 1
0 0.23813 0.5 0.00126 1
0 0.24815 0.5 0.00126 1
0 0.25819 0.5 0.00126 1
0 0.26823 0.5 0.00126 1
0 0.27825 0.5 0.00126 1
0 0.28829 0.5 0.00126 1
0 0.29833 0.5 0.00126 1
0 0.30835 0.5 0.00126 1
0 0.31839 0.5 0.00126 1
0 0.32843 0.5 0.00126 1
0 0.33847 0.5 0.00126 1
0 0.34851 0.5 0.00126 1
0 0.35855 0.5 0.00126 1
0 0.36859 0.5 0.00126 1
0 0.37863 0.5 0.00126 1
0 0.38867 0.5 0.00126 1
0 0.39871 0.5 0.00126 1
0 0.40875 0.5 0.00126 1
0 0.41879 0.5 0.00126 1
0 0.42883 0.5 0.00126 1
0 0.43887 0.5 0.00126 1
0 0.44891 0.5 0.00126 1
0 0.45895 0.5 0.00126 1
0 0.46899 0.5 0.00126 1
0 0.47903 0.5 0.00126 1
0 0.48897 0.5 0.00126 1
0 0.49901 0.5 0.00126 1
0 0.50905 0.5 0.00126 1
0 0.51909 0.5 0.00126 1
0 0.52913 0.5 0.00126 1
0 0.53917 0.5 0.00126 1
0 0.54911 0.5 0.00126 1
0 0.55915 0.5 0.00126 1
0 0.56919 0.5 0.00126 1
0 0.57923 0.5 0.00126 1
0 0.58917 0.5 0.00126 1
0 0.59909 0.5 0.00126 1
0 0.60913 0.5 0.00126 1
0 0.61917 0.5 0.00126 1
0 0.62919 0.5 0.00126 1
0 0.63923 0.5 0.00126 1
0 0.64927 0.5 0.00126 1
0 0.65931 0.5 0.00126 1
0 0.66935 0.5 0.00126 1
0 0.67939 0.5 0.00126 1
0 0.68941 0.5 0.00126 1
0 0.69945 0.5 0.00126 1
0 0.70949 0.5 0.00126 1
0 0.71953 0.5 0.00126 1
0 0.72957 0.5 0.00126 1
0 0.73961 0.5 0.00126 1
0 0.74965 0.5 0.00126 1
0 0.75969 0.5 0.00126 1
0 0.76973 0.5 0.00126 1
0 0.77977 0.5 0.00126 1
0 0.78981 0.5 0.00126 1
0 0.79985 0.5 0.00126 1
0 0.80989 0.5 0.00126 1
0 0.81993 0.5 0.00126 1
0 0.82997 0.5 0.00126 1
0 0.84001 0.5 0.00126 1
0 0.85003 0.5 0.00126 1
0 0.86005 0.5 0.00126 1
0 0.87009 0.5 0.00126 1
0 0.88027 0.5 0.00126 1
0 0.89031 0.5 0.00126 1
0 0.90035 0.5 0.00126 1
0 0.91039 0.5 0.00126 1
0 0.92041 0.5 0.00126 1
0 0.93045 0.5 0.00126 1
0 0.94063 0.5 0.00126 1
0 0.95067 0.5 0.00126 1
0 0.96071 0.5 0.00126 1
0 0.97075 0.5 0.00126 1
0 0.98079 0.5 0.00126 1
0 0.99082 0.5 0.00124 1
