21 0.21426 0.5 0.00072 1
21 0.79171 0.5 0.0393 1
21 0.83035 0.5 0.03806 1
2 0.13493 0.5 0.0063 1
2 0.18896 0.5 0.01116 1
16 0.2091 0.5 0.00324 1
5 0.21709 0.5 0.0049 1
5 0.23233 0.5 0.00106 1
2 0.277 0.5 0.0084 1
2 0.28982 0.5 0.01772 1
11 0.31104 0.5 0.00644 1
11 0.3854 0.5 0.1348 1
11 0.45811 0.5 0.00714 1
2 0.46641 0.5 0.00382 1
2 0.47266 0.5 0.00864 1
25 0.91232 0.5 0.00172 1
2 0.91637 0.5 0.00242 1
24 0.87614 0.5 0.00384 1
24 0.87771 0.5 0.00146 1
4 0.10062 0.5 0.00644 1
4 0.56481 0.5 0.00698 1
4 0.57152 0.5 0.00716 1
4 0.58326 0.5 0.00188 1
4 0.69818 0.5 0.00592 1
4 0.71229 0.5 0.00198 1
4 0.71564 0.5 0.0034 1
4 0.73262 0.5 0.01496 1
4 0.75187 0.5 0.0237 1
4 0.76424 0.5 0.001 1
4 0.86762 0.5 0.01988 1
4 0.89264 0.5 0.00772 1
