0 0.00303 0.5 0.00126 1
0 0.01307 0.5 0.00126 1
0 0.02311 0.5 0.00126 1
0 0.03317 0.5 0.00126 1
0 0.04321 0.5 0.00126 1
0 0.05327 0.5 0.00126 1
0 0.06329 0.5 0.00126 1
0 0.07333 0.5 0.00126 1
0 0.08335 0.5 0.00126 1
0 0.09339 0.5 0.00126 1
0 0.10343 0.5 0.00126 1
0 0.11345 0.5 0.00126 1
0 0.12347 0.5 0.00126 1
0 0.13351 0.5 0.00126 1
0 0.14353 0.5 0.00126 1
0 0.15355 0.5 0.00126 1
0 0.16359 0.5 0.00126 1
0 0.17361 0.5 0.00126 1
0 0.18365 0.5 0.00126 1
0 0.19369 0.5 0.00126 1
0 0.20373 0.5 0.00126 1
0 0.21377 0.5 0.00126 1
0 0.22379 0.5 0.00126 1
0 0.23383 0.5 0.00126 1
0 0.24385 0.5 0.00126 1
0 0.25389 0.5 0.00126 1
0 0.26393 0.5 0.00126 1
0 0.27397 0.5 0.00126 1
0 0.28399 0.5 0.00126 1
0 0.29403 0.5 0.00126 1
0 0.30407 0.5 0.00126 1
0 0.31411 0.5 0.00126 1
0 0.32415 0.5 0.00126 1
0 0.33419 0.5 0.00126 1
0 0.34423 0.5 0.00126 1
0 0.35427 0.5 0.00126 1
0 0.36431 0.5 0.00126 1
0 0.37433 0.5 0.00126 1
0 0.38437 0.5 0.00126 1
0 0.39437 0.5 0.00126 1
0 0.40441 0.5 0.00126 1
0 0.41445 0.5 0.00126 1
0 0.42447 0.5 0.00126 1
0 0.43451 0.5 0.00126 1
0 0.44455 0.5 0.00126 1
0 0.45457 0.5 0.00126 1
0 0.46461 0.5 0.00126 1
0 0.47463 0.5 0.00126 1
0 0.48465 0.5 0.00126 1
0 0.49469 0.5 0.00126 1
0 0.50471 0.5 0.00126 1
0 0.51475 0.5 0.00126 1
0 0.52479 0.5 0.00126 1
0 0.53481 0.5 0.00126 1
0 0.54485 0.5 0.00126 1
0 0.55487 0.5 0.00126 1
0 0.56489 0.5 0.00126 1
0 0.57493 0.5 0.00126 1
0 0.58495 0.5 0.00126 1
0 0.59499 0.5 0.00126 1
0 0.60503 0.5 0.00126 1
0 0.61505 0.5 0.00126 1
0 0.62507 0.5 0.00126 1
0 0.63511 0.5 0.00126 1
0 0.64515 0.5 0.00126 1
0 0.65517 0.5 0.00126 1
0 0.66519 0.5 0.00126 1
0 0.67523 0.5 0.00126 1
0 0.68525 0.5 0.00126 1
0 0.69529 0.5 0.00126 1
0 0.70533 0.5 0.00126 1
0 0.71537 0.5 0.00126 1
0 0.72541 0.5 0.00126 1
0 0.73545 0.5 0.00126 1
0 0.74549 0.5 0.00126 1
0 0.75553 0.5 0.00126 1
0 0.76557 0.5 0.00126 1
0 0.77561 0.5 0.00126 1
0 0.78565 0.5 0.00126 1
0 0.79569 0.5 0.00126 1
0 0.80573 0.5 0.00126 1
0 0.81577 0.5 0.00126 1
0 0.82581 0.5 0.00126 1
0 0.83585 0.5 0.00126 1
0 0.84589 0.5 0.00126 1
0 0.85593 0.5 0.00126 1
0 0.86597 0.5 0.00126 1
0 0.87601 0.5 0.00126 1
0 0.88605 0.5 0.00126 1
0 0.89607 0.5 0.00126 1
0 0.90611 0.5 0.00126 1
0 0.91615 0.5 0.00126 1
0 0.92619 0.5 0.00126 1
0 0.93621 0.5 0.00126 1
0 0.94625 0.5 0.00126 1
0 0.95629 0.5 0.00126 1
0 0.96633 0.5 0.00126 1
0 0.97635 0.5 0.00126 1
0 0.98639 0.5 0.00126 1
0 0.99641 0.5 0.00126 1
