0 0.00333 0.5 0.00126 1
0 0.01337 0.5 0.00126 1
0 0.02339 0.5 0.00126 1
0 0.03343 0.5 0.00126 1
0 0.04347 0.5 0.00126 1
0 0.05351 0.5 0.00126 1
0 0.06355 0.5 0.00126 1
0 0.07359 0.5 0.00126 1
0 0.08361 0.5 0.00126 1
0 0.09365 0.5 0.00126 1
0 0.10369 0.5 0.00126 1
0 0.11373 0.5 0.00126 1
0 0.12377 0.5 0.00126 1
0 0.13381 0.5 0.00126 1
0 0.14385 0.5 0.00126 1
0 0.15389 0.5 0.00126 1
0 0.16393 0.5 0.00126 1
0 0.17397 0.5 0.00126 1
0 0.18401 0.5 0.00126 1
0 0.19405 0.5 0.00126 1
0 0.20409 0.5 0.00126 1
0 0.21413 0.5 0.00126 1
0 0.22417 0.5 0.00126 1
0 0.23421 0.5 0.00126 1
0 0.24425 0.5 0.00126 1
0 0.25429 0.5 0.00126 1
0 0.26433 0.5 0.00126 1
0 0.27437 0.5 0.00126 1
0 0.28441 0.5 0.00126 1
0 0.29445 0.5 0.00126 1
0 0.30449 0.5 0.00126 1
0 0.31453 0.5 0.00126 1
0 0.32457 0.5 0.00126 1
0 0.33461 0.5 0.00126 1
0 0.34465 0.5 0.00126 1
0 0.35469 0.5 0.00126 1
0 0.36473 0.5 0.00126 1
0 0.37477 0.5 0.00126 1
0 0.38481 0.5 0.00126 1
0 0.39485 0.5 0.00126 1
0 0.40489 0.5 0.00126 1
0 0.41493 0.5 0.00126 1
0 0.42497 0.5 0.00126 1
0 0.43501 0.5 0.00126 1
0 0.44505 0.5 0.00126 1
0 0.45509 0.5 0.00126 1
0 0.46513 0.5 0.00126 1
0 0.47517 0.5 0.00126 1
0 0.48521 0.5 0.00126 1
0 0.49525 0.5 0.00126 1
0 0.50529 0.5 0.00126 1
0 0.51533 0.5 0.00126 1
0 0.52537 0.5 0.00126 1
0 0.53541 0.5 0.00126 1
0 0.54545 0.5 0.00126 1
0 0.55549 0.5 0.00126 1
0 0.56553 0.5 0.00126 1
0 0.57557 0.5 0.00126 1
0 0.58561 0.5 0.00126 1
0 0.59565 0.5 0.00126 1
0 0.60569 0.5 0.00126 1
0 0.61573 0.5 0.00126 1
0 0.62577 0.5 0.00126 1
0 0.63581 0.5 0.00126 1
0 0.64585 0.5 0.00126 1
0 0.65589 0.5 0.00126 1
0 0.66593 0.5 0.00126 1
0 0.67597 0.5 0.00126 1
0 0.68601 0.5 0.00126 1
0 0.69605 0.5 0.00126 1
0 0.70609 0.5 0.00126 1
0 0.71613 0.5 0.00126 1
0 0.72617 0.5 0.00126 1
0 0.73621 0.5 0.00126 1
0 0.74625 0.5 0.00126 1
0 0.75629 0.5 0.00126 1
0 0.76633 0.5 0.00126 1
0 0.77637 0.5 0.00126 1
0 0.78641 0.5 0.00126 1
0 0.79645 0.5 0.00126 1
0 0.80649 0.5 0.00126 1
0 0.81653 0.5 0.00126 1
0 0.82657 0.5 0.00126 1
0 0.83661 0.5 0.00126 1
0 0.84665 0.5 0.00126 1
0 0.85669 0.5 0.00126 1
0 0.86673 0.5 0.00126 1
0 0.87677 0.5 0.00126 1
0 0.88681 0.5 0.00126 1
0 0.89685 0.5 0.00126 1
0 0.90689 0.5 0.00126 1
0 0.91693 0.5 0.00126 1
0 0.92697 0.5 0.00126 1
0 0.93701 0.5 0.00126 1
0 0.94705 0.5 0.00126 1
0 0.95709 0.5 0.00126 1
0 0.96713 0.5 0.00126 1
0 0.97717 0.5 0.00126 1
0 0.98721 0.5 0.00126 1
0 0.99725 0.5 0.00126 1
