13 0.26056 0.5 0.01104 1
3 0.7057 0.5 0.002 1
15 0.73079 0.5 0.00362 1
2 0.74311 0.5 0.0171 1
2 0.75283 0.5 0.00098 1
3 0.96544 0.5 0.02396 1
24 0.59633 0.5 0.00146 1
24 0.98386 0.5 0.007 1
4 0.59698 0.5 0.00204 1
4 0.60938 0.5 0.01324 1
4 0.61917 0.5 0.00626 1
4 0.69332 0.5 0.00148 1
4 0.70045 0.5 0.00802 1
4 0.72583 0.5 0.00174 1
4 0.74167 0.5 0.01458 1
4 0.83355 0.5 0.03882 1
4 0.8529 0.5 0.00128 1
4 0.85849 0.5 0.00562 1
18 0.05489 0.5 0.00102 1
18 0.27183 0.5 0.00086 1
18 0.33463 0.5 0.00066 1
18 0.372 0.5 0.00052 1
18 0.38009 0.5 0.00154 1
