0 0.58668 0.5 0.00196 1
0 0.59115 0.5 0.00662 1
8 1.00502 0.5 0.01316 1
3 0.06544 0.5 0.02396 1
5 0.20576 0.5 0.00172 1
2 0.32124 0.5 0.01264 1
2 0.33238 0.5 0.00912 1
17 0.49161 0.5 0.00546 1
2 0.50327 0.5 0.00034 1
2 0.50784 0.5 0.00876 1
2 0.51251 0.5 0.00054 1
2 0.5182 0.5 0.00388 1
6 0.61674 0.5 0.00504 1
2 0.6308 0.5 0.00884 1
2 0.63939 0.5 0.00834 1
24 0.08386 0.5 0.007 1
24 0.291 0.5 0.01824 1
24 0.53896 0.5 0.03536 1
24 0.85235 0.5 0.0017 1
4 0.60508 0.5 0.00368 1
4 0.60745 0.5 0.00134 1
18 0.98486 0.5 0.00076 1
