0 0.00611 0.5 0.00126 1
0 0.01615 0.5 0.00126 1
0 0.02619 0.5 0.00126 1
0 0.03621 0.5 0.00126 1
0 0.04625 0.5 0.00126 1
0 0.05629 0.5 0.00126 1
0 0.06633 0.5 0.00126 1
0 0.07635 0.5 0.00126 1
0 0.08639 0.5 0.00126 1
0 0.09641 0.5 0.00126 1
0 0.10645 0.5 0.00126 1
0 0.11649 0.5 0.00126 1
0 0.12653 0.5 0.00126 1
0 0.13655 0.5 0.00126 1
0 0.14659 0.5 0.00126 1
0 0.15663 0.5 0.00126 1
0 0.16667 0.5 0.00126 1
0 0.17671 0.5 0.00126 1
0 0.18675 0.5 0.00126 1
0 0.19679 0.5 0.00126 1
0 0.20683 0.5 0.00126 1
0 0.21687 0.5 0.00126 1
0 0.22691 0.5 0.00126 1
0 0.23695 0.5 0.00126 1
0 0.24699 0.5 0.00126 1
0 0.25703 0.5 0.00126 1
0 0.26707 0.5 0.00126 1
0 0.27711 0.5 0.00126 1
0 0.28715 0.5 0.00126 1
0 0.29719 0.5 0.00126 1
0 0.30723 0.5 0.00126 1
0 0.31727 0.5 0.00126 1
0 0.32731 0.5 0.00126 1
0 0.33735 0.5 0.00126 1
0 0.34739 0.5 0.00126 1
0 0.35743 0.5 0.00126 1
0 0.36747 0.5 0.00126 1
0 0.37749 0.5 0.00126 1
0 0.38751 0.5 0.00126 1
0 0.39753 0.5 0.00126 1
0 0.40761 0.5 0.00134 1
0 0.41767 0.5 0.00126 1
0 0.42775 0.5 0.00134 1
0 0.43781 0.5 0.00126 1
0 0.44789 0.5 0.00134 1
0 0.45795 0.5 0.00126 1
0 0.46803 0.5 0.00134 1
0 0.47809 0.5 0.00126 1
0 0.48817 0.5 0.00134 1
0 0.49829 0.5 0.00134 1
0 0.50835 0.5 0.00126 1
0 0.51843 0.5 0.00134 1
0 0.52855 0.5 0.00134 1
0 0.53861 0.5 0.00126 1
0 0.54869 0.5 0.00134 1
0 0.55875 0.5 0.00126 1
0 0.56883 0.5 0.00134 1
0 0.57889 0.5 0.00126 1
0 0.58897 0.5 0.00134 1
0 0.59905 0.5 0.00126 1
0 0.60909 0.5 0.00126 1
0 0.61911 0.5 0.00126 1
0 0.62915 0.5 0.00126 1
0 0.63915 0.5 0.00126 1
0 0.64917 0.5 0.00126 1
0 0.65921 0.5 0.00126 1
0 0.66923 0.5 0.00126 1
0 0.67923 0.5 0.00126 1
0 0.68927 0.5 0.00126 1
0 0.69931 0.5 0.00126 1
0 0.70933 0.5 0.00126 1
0 0.71933 0.5 0.00126 1
0 0.72935 0.5 0.00126 1
0 0.73935 0.5 0.00126 1
0 0.74937 0.5 0.00126 1
0 0.75937 0.5 0.00126 1
0 0.76941 0.5 0.00126 1
0 0.77945 0.5 0.00126 1
0 0.78949 0.5 0.00126 1
0 0.79951 0.5 0.00126 1
0 0.80953 0.5 0.00126 1
0 0.81955 0.5 0.00126 1
0 0.82959 0.5 0.00126 1
0 0.83963 0.5 0.00126 1
0 0.84965 0.5 0.00126 1
0 0.85967 0.5 0.00126 1
0 0.86971 0.5 0.00126 1
0 0.87973 0.5 0.00126 1
0 0.88975 0.5 0.00126 1
0 0.89979 0.5 0.00126 1
0 0.90983 0.5 0.00126 1
0 0.91987 0.5 0.00126 1
0 0.92991 0.5 0.00126 1
0 0.93993 0.5 0.00126 1
0 0.94997 0.5 0.00126 1
0 0.95999 0.5 0.00126 1
0 0.97001 0.5 0.00126 1
0 0.98005 0.5 0.00126 1
0 0.99007 0.5 0.00126 1
0 1.00011 0.5 0.00126 1
