21 0.06727 0.5 0.00514 1
21 0.07151 0.5 0.00198 1
21 0.07246 0.5 0.00084 1
21 0.42566 0.5 0.02096 1
21 0.43689 0.5 0.00146 1
21 0.44735 0.5 0.01958 1
21 0.49338 0.5 0.07244 1
21 0.53 0.5 0.00076 1
21 0.53547 0.5 0.01046 1
21 0.55295 0.5 0.02446 1
21 0.62135 0.5 0.1123 1
21 0.69496 0.5 0.03488 1
5 0.01388 0.5 0.00644 1
5 0.01995 0.5 0.00198 1
2 0.02378 0.5 0.00104 1
17 0.09737 0.5 0.00198 1
2 0.31346 0.5 0.08864 1
2 0.71854 0.5 0.0032 1
2 0.77551 0.5 0.08938 1
2 0.84012 0.5 0.03832 1
2 0.86253 0.5 0.00298 1
2 0.86609 0.5 0.00122 1
2 0.86956 0.5 0.00192 1
2 0.87266 0.5 0.00528 1
2 0.91199 0.5 0.0653 1
2 0.94992 0.5 0.01076 1
25 0.97162 0.5 0.00216 1
24 0.02909 0.5 0.00954 1
24 0.0541 0.5 0.00272 1
4 0.03875 0.5 0.00982 1
4 0.04815 0.5 0.00926 1
4 0.1647 0.5 0.00212 1
18 0.23002 0.5 0.00092 1
18 0.36403 0.5 0.00202 1
