8 0.20752 0.5 0.00356 1
2 0.34171 0.5 0.0023 1
15 0.44565 0.5 0.0073 1
25 0.75836 0.5 0.00592 1
25 0.76596 0.5 0.00156 1
11 0.88025 0.5 0.0023 1
11 0.88249 0.5 0.00218 1
24 0.36534 0.5 0.00184 1
24 0.66981 0.5 0.00562 1
24 0.9668 0.5 0.00472 1
20 0.50665 0.5 0.01102 1
4 0.34906 0.5 0.00568 1
4 0.35898 0.5 0.01412 1
4 0.3723 0.5 0.01252 1
4 0.76185 0.5 0.00142 1
4 0.76894 0.5 0.004 1
4 0.90522 0.5 0.00168 1
18 0.07609 0.5 0.00066 1
18 0.15052 0.5 0.00068 1
18 0.25801 0.5 0.00098 1
18 0.46924 0.5 0.0012 1
18 0.59825 0.5 0.00074 1
18 0.71249 0.5 0.00074 1
18 0.75218 0.5 0.00052 1
18 0.8523 0.5 0.0006 1
18 0.97363 0.5 0.00162 1
