21 0.04685 0.5 0.00202 1
21 0.05297 0.5 0.01022 1
8 0.08507 0.5 0.00218 1
8 0.08847 0.5 0.00346 1
8 0.47236 0.5 0.00252 1
8 0.47492 0.5 0.00224 1
8 0.52142 0.5 0.09072 1
8 0.56812 0.5 0.00264 1
21 0.59476 0.5 0.00092 1
21 0.60672 0.5 0.02128 1
21 0.63001 0.5 0.02422 1
21 0.64653 0.5 0.00878 1
21 0.65288 0.5 0.00392 1
21 0.75196 0.5 0.00092 1
21 0.7592 0.5 0.0074 1
21 0.86321 0.5 0.01006 1
25 0.69911 0.5 0.01006 1
13 0.72873 0.5 0.00242 1
13 0.73083 0.5 0.0021 1
24 0.33948 0.5 0.08956 1
24 0.39804 0.5 0.02524 1
4 0.68864 0.5 0.01084 1
4 0.70826 0.5 0.0082 1
4 0.71927 0.5 0.00986 1
4 0.93049 0.5 0.00454 1
18 0.23174 0.5 0.00084 1
18 0.28359 0.5 0.00058 1
18 0.97831 0.5 0.0013 1
18 0.993 0.5 0.00144 1
