21 0.40185 0.5 0.00518 1
8 0.66399 0.5 0.00322 1
8 0.6936 0.5 0.05596 1
8 0.73408 0.5 0.0238 1
8 0.75909 0.5 0.00322 1
6 0.02582 0.5 0.00464 1
3 0.1259 0.5 0.00212 1
3 0.12951 0.5 0.00366 1
2 0.39495 0.5 0.00586 1
15 0.52546 0.5 0.00888 1
2 0.63412 0.5 0.01384 1
2 0.9352 0.5 0.02568 1
2 0.95949 0.5 0.0225 1
2 0.97567 0.5 0.00954 1
2 0.98096 0.5 0.001 1
24 0.23725 0.5 0.02294 1
24 0.808 0.5 0.01404 1
24 0.81608 0.5 0.00256 1
24 0.84637 0.5 0.05506 1
24 0.91496 0.5 0.001 1
4 0.11758 0.5 0.0112 1
4 0.2921 0.5 0.02352 1
4 0.40978 0.5 0.0052 1
4 0.4208 0.5 0.01216 1
4 0.47538 0.5 0.01524 1
4 0.49663 0.5 0.02706 1
18 0.18248 0.5 0.00096 1
18 0.2661 0.5 0.00164 1
18 0.65543 0.5 0.00082 1
