8 0.26508 0.5 0.01132 1
8 0.3116 0.5 0.08172 1
8 0.35815 0.5 0.01134 1
25 0.01336 0.5 0.0012 1
2 0.01364 0.5 0.00112 1
6 0.03848 0.5 0.00432 1
11 0.04629 0.5 0.00282 1
2 0.05317 0.5 0.00206 1
25 0.16458 0.5 0.00464 1
3 0.42322 0.5 0.02656 1
2 0.58596 0.5 0.00092 1
25 0.85035 0.5 0.00702 1
2 0.85543 0.5 0.00134 1
2 0.8763 0.5 0.04036 1
2 0.90018 0.5 0.00736 1
2 0.90188 0.5 0.008 1
24 0.00686 0.5 0.00108 1
1 0.07753 0.5 0.00074 1
4 0.37961 0.5 0.00582 1
4 0.39472 0.5 0.00124 1
4 0.39935 0.5 0.00786 1
4 0.6401 0.5 0.0106 1
4 0.69761 0.5 0.00666 1
4 0.70365 0.5 0.0055 1
4 0.73709 0.5 0.00346 1
18 0.03385 0.5 0.00074 1
18 0.12146 0.5 0.001 1
18 0.16011 0.5 0.00186 1
18 0.22407 0.5 0.0007 1
18 0.47293 0.5 0.00058 1
18 0.65678 0.5 0.00124 1
18 0.68374 0.5 0.00064 1
