21 0.1719 0.5 0.00396 1
21 0.25421 0.5 0.02818 1
21 0.30424 0.5 0.07288 1
21 0.40482 0.5 0.12656 1
21 0.47324 0.5 0.01024 1
21 0.48045 0.5 0.0037 1
21 0.48381 0.5 0.00166 1
8 0.50487 0.5 0.00994 1
8 0.51847 0.5 0.00622 1
21 0.54796 0.5 0.01516 1
8 0.65567 0.5 0.0029 1
8 0.68425 0.5 0.0481 1
8 0.73097 0.5 0.03586 1
8 0.75007 0.5 0.0029 1
8 0.75759 0.5 0.00846 1
0 0.96097 0.5 0.00378 1
2 0.04992 0.5 0.01076 1
25 0.07162 0.5 0.00216 1
2 0.79397 0.5 0.0537 1
24 0.13166 0.5 0.00292 1
24 0.22253 0.5 0.0161 1
24 0.2365 0.5 0.00568 1
24 0.57708 0.5 0.02688 1
4 0.16011 0.5 0.00318 1
18 0.10921 0.5 0.00174 1
18 0.61794 0.5 0.00072 1
18 0.62464 0.5 0.00276 1
18 0.87427 0.5 0.00154 1
18 0.98781 0.5 0.00114 1
