21 0.00543 0.5 0.0039 1
21 0.00861 0.5 0.00246 1
21 0.01544 0.5 0.01012 1
21 0.02394 0.5 0.00208 1
21 0.0584 0.5 0.05764 1
21 0.08891 0.5 0.00118 1
21 0.10161 0.5 0.02138 1
21 0.12305 0.5 0.02266 1
21 0.14208 0.5 0.01536 1
21 0.20182 0.5 0.10408 1
21 0.25555 0.5 0.00254 1
21 0.30531 0.5 0.07434 1
21 0.36007 0.5 0.03514 1
21 0.37825 0.5 0.00118 1
21 0.3983 0.5 0.03884 1
21 0.42065 0.5 0.00702 1
21 0.44591 0.5 0.02966 1
21 0.46138 0.5 0.00136 1
21 0.48284 0.5 0.04048 1
0 0.50647 0.5 0.00126 1
0 0.51658 0.5 0.00124 1
21 0.60884 0.5 0.03492 1
21 0.749 0.5 0.24536 1
21 0.99607 0.5 0.0389 1
