21 0.02616 0.5 0.00276 1
21 0.04599 0.5 0.03382 1
21 0.09871 0.5 0.06946 1
21 0.25166 0.5 0.1078 1
21 0.3506 0.5 0.07384 1
21 0.40486 0.5 0.03464 1
21 0.5415 0.5 0.003 1
21 0.55079 0.5 0.00186 1
21 0.55484 0.5 0.00084 1
8 0.7635 0.5 0.00532 1
8 0.76843 0.5 0.0045 1
21 0.78442 0.5 0.02744 1
21 0.99467 0.5 0.00118 1
21 0.9983 0.5 0.00292 1
2 0.1428 0.5 0.01868 1
2 0.16169 0.5 0.01922 1
25 0.44171 0.5 0.00186 1
25 0.45694 0.5 0.01152 1
11 0.47882 0.5 0.0322 1
11 0.49894 0.5 0.00628 1
2 0.57186 0.5 0.00812 1
15 0.59615 0.5 0.00326 1
15 0.80328 0.5 0.00256 1
2 0.81945 0.5 0.02942 1
2 0.8392 0.5 0.00812 1
2 0.85814 0.5 0.02936 1
11 0.90464 0.5 0.00556 1
12 0.96497 0.5 0.00246 1
4 0.62098 0.5 0.02044 1
18 0.88326 0.5 0.00076 1
18 0.9427 0.5 0.00164 1
