8 0.01242 0.5 0.013 1
21 0.03085 0.5 0.02342 1
8 0.05792 0.5 0.03004 1
21 0.08491 0.5 0.0239 1
21 0.12697 0.5 0.06018 1
21 0.15889 0.5 0.00086 1
21 0.17193 0.5 0.02258 1
21 0.19532 0.5 0.02416 1
8 0.20928 0.5 0.00372 1
8 0.2298 0.5 0.03448 1
8 0.24995 0.5 0.00578 1
8 0.26379 0.5 0.00514 1
21 0.27803 0.5 0.02298 1
8 0.29544 0.5 0.01144 1
8 0.52349 0.5 0.00882 1
8 0.53979 0.5 0.0237 1
8 0.74662 0.5 0.05968 1
8 0.78219 0.5 0.00882 1
21 0.95637 0.5 0.00278 1
21 0.97668 0.5 0.03796 1
21 1.0231 0.5 0.05516 1
2 0.3102 0.5 0.01856 1
6 0.44659 0.5 0.0049 1
11 0.62239 0.5 0.14134 1
11 0.70542 0.5 0.0226 1
2 0.81604 0.5 0.00608 1
2 0.83405 0.5 0.00858 1
2 0.83727 0.5 0.00998 1
2 0.88546 0.5 0.01588 1
11 0.91231 0.5 0.00234 1
11 0.91332 0.5 0.0036 1
11 0.93466 0.5 0.02496 1
4 0.81107 0.5 0.00082 1
4 0.86971 0.5 0.00638 1
4 0.8804 0.5 0.015 1
4 0.90106 0.5 0.01528 1
18 0.51726 0.5 0.00104 1
18 0.85208 0.5 0.00096 1
18 0.92089 0.5 0.0007 1
