8 0.36169 0.5 0.00702 1
8 0.97297 0.5 0.0007 1
8 0.98417 0.5 0.00454 1
8 0.98934 0.5 0.0026 1
8 0.99281 0.5 0.00182 1
2 0.27384 0.5 0.00368 1
15 0.37024 0.5 0.00368 1
3 0.37998 0.5 0.00108 1
2 0.45127 0.5 0.0089 1
5 0.5335 0.5 0.00248 1
2 0.61829 0.5 0.0019 1
2 0.6602 0.5 0.0022 1
2 0.66072 0.5 0.00168 1
15 0.66882 0.5 0.01028 1
2 0.96957 0.5 0.00386 1
4 0.62284 0.5 0.00704 1
18 0.25724 0.5 0.00076 1
18 0.52531 0.5 0.00078 1
18 0.92014 0.5 0.001 1
18 0.93186 0.5 0.0008 1
18 0.95849 0.5 0.00098 1
