21 0.01673 0.5 0.03274 1
21 0.04119 0.5 0.01614 1
21 0.05098 0.5 0.00356 1
21 0.06876 0.5 0.03312 1
21 0.08801 0.5 0.00598 1
21 0.09218 0.5 0.00232 1
21 0.09421 0.5 0.0017 1
21 0.098 0.5 0.00304 1
21 0.10943 0.5 0.01458 1
21 0.12054 0.5 0.00256 1
21 0.13347 0.5 0.02326 1
21 0.14538 0.5 0.00052 1
21 0.16189 0.5 0.03246 1
21 0.1853 0.5 0.014 1
21 0.20695 0.5 0.02186 1
21 0.22581 0.5 0.01582 1
21 0.3998 0.5 0.01968 1
21 0.57409 0.5 0.01298 1
21 0.63386 0.5 0.02316 1
21 0.66862 0.5 0.04632 1
21 0.71618 0.5 0.04864 1
21 0.75626 0.5 0.00876 1
21 0.7717 0.5 0.02256 1
21 0.95636 0.5 0.03588 1
21 0.97814 0.5 0.00764 1
21 1.02983 0.5 0.09306 1
2 0.24585 0.5 0.0197 1
25 0.3275 0.5 0.00364 1
2 0.33854 0.5 0.01752 1
2 0.35729 0.5 0.00454 1
2 0.38176 0.5 0.00476 1
2 0.85525 0.5 0.00418 1
25 0.9235 0.5 0.00408 1
24 0.54699 0.5 0.02718 1
4 0.38866 0.5 0.0022 1
4 0.78389 0.5 0.00134 1
4 0.78686 0.5 0.00284 1
4 0.86106 0.5 0.0074 1
4 0.86587 0.5 0.00078 1
4 0.92085 0.5 0.00166 1
18 0.60075 0.5 0.00062 1
