8 0.14158 0.5 0.0028 1
21 0.24465 0.5 0.00718 1
21 0.25237 0.5 0.00198 1
2 0.41731 0.5 0.0011 1
2 0.42294 0.5 0.00984 1
2 0.46179 0.5 0.05462 1
2 0.49437 0.5 0.00922 1
2 0.49843 0.5 0.00166 1
2 0.78782 0.5 0.00192 1
2 0.79894 0.5 0.02028 1
2 0.81549 0.5 0.00646 1
2 0.83724 0.5 0.03092 1
2 0.86681 0.5 0.02542 1
2 0.88428 0.5 0.00876 1
2 0.89421 0.5 0.00362 1
2 0.90615 0.5 0.0173 1
2 0.94007 0.5 0.00434 1
15 0.98469 0.5 0.00158 1
15 0.99441 0.5 0.00942 1
24 0.67886 0.5 0.00196 1
4 0.06463 0.5 0.02774 1
4 0.37332 0.5 0.06628 1
4 0.52183 0.5 0.00338 1
4 0.53272 0.5 0.004 1
4 0.57176 0.5 0.01148 1
4 0.57889 0.5 0.00178 1
4 0.69351 0.5 0.0009 1
4 0.70864 0.5 0.02072 1
4 0.72301 0.5 0.0071 1
4 0.78147 0.5 0.01462 1
4 0.94586 0.5 0.00708 1
18 0.987 0.5 0.00092 1
