0 0.00065 0.5 0.00126 1
0 0.01069 0.5 0.00126 1
0 0.02073 0.5 0.00126 1
0 0.03077 0.5 0.00126 1
0 0.04081 0.5 0.00126 1
0 0.05085 0.5 0.00126 1
0 0.06077 0.5 0.00126 1
0 0.07081 0.5 0.00126 1
0 0.08094 0.5 0.00144 1
0 0.09089 0.5 0.00126 1
0 0.10102 0.5 0.00144 1
0 0.11097 0.5 0.00126 1
0 0.1211 0.5 0.00144 1
0 0.13105 0.5 0.00126 1
0 0.14118 0.5 0.00144 1
0 0.15113 0.5 0.00126 1
0 0.16117 0.5 0.00126 1
0 0.17121 0.5 0.00126 1
0 0.18125 0.5 0.00126 1
0 0.19129 0.5 0.00126 1
0 0.20133 0.5 0.00126 1
0 0.21137 0.5 0.00126 1
0 0.22141 0.5 0.00126 1
0 0.23145 0.5 0.00126 1
0 0.24149 0.5 0.00126 1
0 0.25153 0.5 0.00126 1
0 0.26157 0.5 0.00126 1
0 0.27161 0.5 0.00126 1
0 0.28165 0.5 0.00126 1
0 0.29169 0.5 0.00126 1
0 0.30173 0.5 0.00126 1
0 0.31177 0.5 0.00126 1
0 0.32181 0.5 0.00126 1
0 0.33185 0.5 0.00126 1
0 0.34189 0.5 0.00126 1
0 0.35193 0.5 0.00126 1
0 0.36196 0.5 0.00124 1
0 0.37199 0.5 0.00126 1
0 0.38203 0.5 0.00126 1
0 0.39207 0.5 0.00126 1
0 0.40211 0.5 0.00126 1
0 0.41215 0.5 0.00126 1
0 0.42219 0.5 0.00126 1
0 0.43223 0.5 0.00126 1
0 0.44227 0.5 0.00126 1
0 0.4523 0.5 0.00124 1
0 0.46233 0.5 0.00126 1
0 0.47237 0.5 0.00126 1
0 0.4824 0.5 0.00124 1
0 0.49243 0.5 0.00126 1
0 0.50246 0.5 0.00124 1
0 0.51248 0.5 0.00124 1
0 0.52251 0.5 0.00126 1
0 0.53255 0.5 0.00126 1
0 0.54259 0.5 0.00126 1
0 0.55263 0.5 0.00126 1
0 0.56267 0.5 0.00126 1
0 0.57271 0.5 0.00126 1
0 0.58275 0.5 0.00126 1
0 0.59279 0.5 0.00126 1
0 0.60283 0.5 0.00126 1
0 0.61287 0.5 0.00126 1
0 0.62291 0.5 0.00126 1
0 0.63295 0.5 0.00126 1
0 0.64299 0.5 0.00126 1
0 0.65303 0.5 0.00126 1
0 0.66307 0.5 0.00126 1
0 0.67311 0.5 0.00126 1
0 0.68315 0.5 0.00126 1
0 0.69319 0.5 0.00126 1
0 0.70323 0.5 0.00126 1
0 0.71327 0.5 0.00126 1
0 0.72331 0.5 0.00126 1
0 0.73335 0.5 0.00126 1
0 0.74339 0.5 0.00126 1
0 0.75343 0.5 0.00126 1
0 0.76347 0.5 0.00126 1
0 0.77351 0.5 0.00126 1
0 0.78355 0.5 0.00126 1
0 0.79359 0.5 0.00126 1
0 0.80363 0.5 0.00126 1
0 0.81367 0.5 0.00126 1
0 0.82371 0.5 0.00126 1
0 0.83375 0.5 0.00126 1
0 0.84379 0.5 0.00126 1
0 0.85383 0.5 0.00126 1
0 0.86387 0.5 0.00126 1
0 0.87391 0.5 0.00126 1
0 0.88395 0.5 0.00126 1
0 0.89399 0.5 0.00126 1
0 0.90403 0.5 0.00126 1
0 0.91407 0.5 0.00126 1
0 0.92409 0.5 0.00126 1
0 0.93413 0.5 0.00126 1
0 0.94417 0.5 0.00126 1
0 0.95421 0.5 0.00126 1
0 0.96425 0.5 0.00126 1
0 0.97429 0.5 0.00126 1
0 0.98433 0.5 0.00126 1
0 0.99437 0.5 0.00126 1
