0 0.06097 0.5 0.00378 1
21 0.26252 0.5 0.0084 1
21 0.27231 0.5 0.0115 1
21 0.28983 0.5 0.0235 1
21 0.45422 0.5 0.00436 1
8 0.52119 0.5 0.00338 1
8 0.52415 0.5 0.00258 1
8 0.52667 0.5 0.00282 1
8 0.52971 0.5 0.00322 1
8 0.53186 0.5 0.00148 1
8 0.67292 0.5 0.0014 1
21 0.8977 0.5 0.01956 1
2 0.2015 0.5 0.00224 1
10 0.31924 0.5 0.00152 1
3 0.61938 0.5 0.01964 1
25 0.63932 0.5 0.00644 1
2 0.64513 0.5 0.00502 1
2 0.66482 0.5 0.00516 1
2 0.66796 0.5 0.00104 1
25 0.66796 0.5 0.00104 1
2 0.66916 0.5 0.00132 1
25 0.67113 0.5 0.00258 1
2 0.67007 0.5 0.00046 1
24 0.22027 0.5 0.02002 1
24 0.24416 0.5 0.02828 1
24 0.30648 0.5 0.00976 1
24 0.3553 0.5 0.04496 1
24 0.38334 0.5 0.01112 1
24 0.71347 0.5 0.00318 1
4 0.57992 0.5 0.01368 1
4 0.5962 0.5 0.002 1
4 0.82123 0.5 0.03162 1
4 0.86244 0.5 0.05092 1
4 0.92641 0.5 0.03818 1
4 0.96664 0.5 0.04252 1
18 0.08781 0.5 0.00114 1
18 0.14074 0.5 0.00108 1
18 0.54358 0.5 0.00096 1
18 0.68394 0.5 0.00068 1
18 0.70244 0.5 0.00068 1
18 0.77206 0.5 0.00052 1
