21 0.02562 0.5 0.03272 1
21 0.05557 0.5 0.02714 1
21 0.09128 0.5 0.00624 1
8 0.16132 0.5 0.01664 1
8 0.17859 0.5 0.01786 1
8 0.2058 0.5 0.0366 1
21 0.24163 0.5 0.03502 1
21 0.29614 0.5 0.07396 1
21 0.3955 0.5 0.10908 1
8 0.4543 0.5 0.0084 1
8 0.47512 0.5 0.03372 1
8 0.49565 0.5 0.00654 1
8 0.50731 0.5 0.01674 1
21 0.52495 0.5 0.00154 1
21 0.59405 0.5 0.00062 1
21 0.59967 0.5 0.00698 1
21 0.60449 0.5 0.00126 1
21 0.66041 0.5 0.00154 1
21 0.70568 0.5 0.02528 1
21 0.73202 0.5 0.0032 1
8 0.7702 0.5 0.00188 1
8 0.78021 0.5 0.01758 1
8 0.80241 0.5 0.00294 1
8 0.81823 0.5 0.00186 1
8 0.82843 0.5 0.00338 1
15 0.07108 0.5 0.0038 1
15 0.08499 0.5 0.0063 1
2 0.52397 0.5 0.00038 1
2 0.62796 0.5 0.00192 1
24 0.8899 0.5 0.11204 1
4 0.07377 0.5 0.00818 1
18 0.08072 0.5 0.00104 1
18 0.95506 0.5 0.00084 1
