8 0.07297 0.5 0.0007 1
8 0.08417 0.5 0.00454 1
8 0.08934 0.5 0.0026 1
8 0.09281 0.5 0.00182 1
21 0.7519 0.5 0.0062 1
2 0.06957 0.5 0.00386 1
5 0.19808 0.5 0.00228 1
25 0.25925 0.5 0.00242 1
25 0.68058 0.5 0.00712 1
2 0.71201 0.5 0.0037 1
2 0.72689 0.5 0.00146 1
2 0.73732 0.5 0.01928 1
6 0.9075 0.5 0.00524 1
2 0.95674 0.5 0.00244 1
4 0.26625 0.5 0.0029 1
4 0.26882 0.5 0.00212 1
4 0.27075 0.5 0.00138 1
4 0.98009 0.5 0.02142 1
18 0.02014 0.5 0.001 1
18 0.03186 0.5 0.0008 1
18 0.05849 0.5 0.00098 1
18 0.10986 0.5 0.0008 1
18 0.11558 0.5 0.00052 1
18 0.52524 0.5 0.00088 1
18 0.54407 0.5 0.0009 1
