21 0.12191 0.5 0.00646 1
8 0.1298 0.5 0.00944 1
21 0.17639 0.5 0.02374 1
21 0.26321 0.5 0.0233 1
21 0.27616 0.5 0.00256 1
21 0.28059 0.5 0.00086 1
21 0.28642 0.5 0.01232 1
21 0.29632 0.5 0.00256 1
21 0.30171 0.5 0.00038 1
21 0.30349 0.5 0.00314 1
21 0.32197 0.5 0.03378 1
21 0.36667 0.5 0.01122 1
21 0.37278 0.5 0.00092 1
21 0.41313 0.5 0.02302 1
21 0.45108 0.5 0.05284 1
21 0.48047 0.5 0.00702 1
21 0.51216 0.5 0.0112 1
21 0.51824 0.5 0.00088 1
21 0.55331 0.5 0.0191 1
0 0.57217 0.5 0.00158 1
0 0.58185 0.5 0.00142 1
0 0.59126 0.5 0.00124 1
0 0.60101 0.5 0.00146 1
0 0.60713 0.5 0.00126 1
0 0.61683 0.5 0.00142 1
0 0.62713 0.5 0.00158 1
0 0.63689 0.5 0.00154 1
0 0.67357 0.5 0.00162 1
0 0.68353 0.5 0.00126 1
0 0.69317 0.5 0.00126 1
0 0.70295 0.5 0.00126 1
21 0.72847 0.5 0.0127 1
21 0.74706 0.5 0.02444 1
21 0.76046 0.5 0.00216 1
21 0.76482 0.5 0.00664 1
21 0.77425 0.5 0.01218 1
8 0.78143 0.5 0.00246 1
21 0.78746 0.5 0.00956 1
21 0.79441 0.5 0.00498 1
21 0.81487 0.5 0.03642 1
21 0.92848 0.5 0.19076 1
25 0.01571 0.5 0.00614 1
25 0.02952 0.5 0.0056 1
2 0.0569 0.5 0.01568 1
2 0.06994 0.5 0.01036 1
11 0.16099 0.5 0.00506 1
11 0.19458 0.5 0.01248 1
11 0.22319 0.5 0.03802 1
25 0.24499 0.5 0.00554 1
2 0.34347 0.5 0.00918 1
2 0.3555 0.5 0.011 1
2 0.48944 0.5 0.01068 1
2 0.50101 0.5 0.01098 1
4 0.0472 0.5 0.0032 1
4 0.65257 0.5 0.00642 1
18 0.14495 0.5 0.0013 1
